10057175
10058897
10059661
10078657
10080468
1009301
10099588
10114814
10134765
1014061
10151997
1016259
10186210
1021315
10228007
10229489
10233754
10275180
10289036
10321895
10329901
10331821
10332677
1035835
10369897
10400057
10424823
10436477
10439284
1045011
10483231
10553841
1055392
10556636
10566150
10579077
10587046
1060630
10642240
10642361
10715992
10867513
10878061
10878193
10891076
1091487
10950026
1097435
10979502
10989860
1099548
1108525
11105341
1114857
11175603
1118147
1122003
11282769
11282845
1130824
1131600
11321120
11321826
11332080
11374725
1138234
1138340
1140362
11467278
11481645
11483692
1150687
1150688
11513281
11515740
11520476
11534919
11562953
11571540
11589269
11604625
1169827
11699452
11718835
117497
11752565
11753685
1175927
11762297
11781280
11781298
11781307
11781335
11794287
11797161
1180120
11810928
11811303
11819567
11839432
11839948
11883242
11888687
11924246
12017723
12040837
12042226
12066685
1208960
12093292
12093753
12099326
12102953
12114672
12150495
12151718
12204978
12239105
12252235
12265362
12282900
12295689
12295700
12295714
1231454
1240970
12448084
12455167
12527756
12557457
12597902
12623679
12624165
12624651
1264777
12662290
12671758
1272712
12739466
12840312
12841430
12896839
12907386
12910139
12951312
12965832
12981868
12982737
12985943
12997234
1299785
12999520
13000551
13004811
13005113
13011470
13018396
1302100
13034273
13045341
13081127
13088911
1312404
13127997
1315350
13157024
13157999
13213304
13230508
13231594
13231693
13259829
1326974
1328241
13301975
13317450
1338612
13418234
13418237
13418240
13418243
13418244
13418256
13418259
13418261
13418262
13418265
13418266
13418268
13418269
13418271
13418272
13418276
13430087
13497957
13511204
13512047
13529416
13531566
13590571
13615339
1368497
13713488
13737516
13738143
13740184
13740773
13797637
13813742
13831238
13843592
13862530
13866374
13878395
13928042
1393741
13971322
13983566
14052730
14057841
14058833
1407511
14088215
14091353
14108277
14139586
14140636
14145692
14160412
14172150
14214865
14225677
14274460
14277887
14278393
14305395
14306325
14338972
14392749
14477226
14509152
14519476
14521725
14523705
14541172
14546096
14559000
14600198
14633079
14675598
14743638
14751247
14751538
14753432
14769699
14821826
1484047
14857060
14894204
14943840
14972138
15002619
15017978
15050218
15052066
15094576
15105027
15107727
15111125
15134287
15135290
15183149
15241214
15241826
15252159
15266251
15269241
15298774
15326202
15349111
15386349
15387656
15394871
15410122
15432967
15461836
15471993
15479712
15491835
15509451
15511429
15511608
15513013
15513129
15513345
15518751
15533215
15533780
15551563
15556045
15587829
15597228
15622510
15622865
15673928
15674046
15679274
15679520
15692319
15692614
15698297
15706874
15715565
15715689
15716002
15725188
15754823
15758859
15762481
15772668
15772801
15773275
15773404
15786256
15786538
15786650
15786852
15787064
15802346
15816971
15824025
15848578
15948317
15997757
16014407
16017558
16056775
16057428
16057914
16062182
16062827
16085583
16092476
16118029
16134860
16141108
16146460
16161541
16188108
16190920
16191479
16192217
16199712
16203889
16204249
16204687
16216426
16264432
16283920
16288845
16328512
16370110
16387910
16449691
16471378
16527906
16527909
16527913
16527924
16527956
16527965
16555271
16555273
16555299
16555319
16571533
16589199
16635095
16658510
16683512
16755714
16768231
16850189
16850418
16876712
16924563
16953682
16954686
17001122
17001340
17001831
17032404
17043636
17048251
17055277
17056691
17057243
17070785
17085113
17089790
17120270
17139801
17142190
17149683
17149947
17150452
17163052
17169125
17192834
17231450
17250835
17275199
17328340
17334464
1733810
17351575
17391047
17396641
17398629
17399004
17412215
17432898
17432921
17473733
17477454
17490264
17506849
1752362
17537774
17553359
17575020
17593903
17659032
17672761
17672927
17673541
17675913
17677658
17685831
176873
17689979
17763558
17764981
17771235
17780301
17802194
17821029
17823362
17889109
17889309
17912263
17920908
17956694
17959984
1796283
17963368
17966844
17980633
17980669
17989232
17989352
18012640
18012848
18020057
18029034
18034209
1803644
18039353
18039552
18069082
18070292
18070656
18075680
18082327
18082399
18092240
18093858
18102600
18102727
18102787
18102916
18102978
18103159
18103457
18104146
18104541
18104575
18104680
18115903
1812454
18152438
18160096
18162048
18162929
18164613
18166108
1817151
18176268
18181151
18181572
18185597
18186995
18190170
18195175
18196363
18198256
18207037
18235629
18247659
18256560
18270644
18276922
18280979
18281000
18281555
18281621
18283109
18288667
18297301
18302562
18303391
18306820
18312443
18320553
18324844
18330774
18330894
18333506
18340061
18340279
18340645
18340782
18342404
18342623
18342841
18349665
18349711
18351631
18351912
18354176
18354310
18354394
18354578
18354753
18354817
18354959
18355057
18355298
18355348
18355470
18355562
18355663
18356318
18363761
18371415
18379384
18380499
18381065
18381350
18381357
18381471
18381618
18381753
18383159
18404443
18407093
18408674
18408852
18410063
18420615
18421083
18424948
18430142
18431378
18443445
18444127
18451137
18466926
18467019
18475770
18476613
18478336
18490344
18521781
18523629
18563928
18663104
18728036
18728224
18744270
18745759
18751177
18754200
18761742
18780969
18784016
18784362
18835277
18848086
18859513
18864602
18884439
18886653
18927285
18939075
18949350
18955495
18960873
19016637
19016748
19016968
19021132
19024112
19033109
19042604
19077754
19109351
19109549
19138574
19188861
19263118
19266695
19313655
19323174
19339434
19359183
19374759
19386723
19398475
19418698
19431693
19455802
19459022
19460089
19468604
1947379
19505876
19514965
19520522
19522347
19523689
19528641
19529475
19548724
19563206
19581432
19584325
19585603
19588153
1962757
19635304
19638137
19639734
19639888
19646328
19664139
19666575
19674749
19681583
19681673
19681950
19682666
19716964
19717199
19728244
19751214
197514
19751506
19762079
19762216
19762292
19813455
19823859
19831393
19843524
19863953
19864232
19867643
19868885
19870121
19881250
19884054
19896239
19904705
19917350
19922108
19923856
19924740
19926990
19927112
19927318
19927367
19927682
19927910
19928785
19929223
19929380
19929473
19929515
19929721
19929760
19929799
19929848
19929938
19930029
19930117
19930154
19930199
19930523
19931578
19941184
19942080
19946953
19947839
19951453
19952341
19957270
19958052
19958340
19980209
19985962
19988558
19990248
20003465
20005710
20016680
20023758
20025501
20027073
20028142
20030258
20096317
20106574
20113688
20115382
20119295
20142281
20146774
20147245
20149120
20149910
20154363
20166112
20166740
20176805
20198443
20198951
20199667
20199721
20200157
20209876
20223769
20234281
20235629
20235830
20238831
20241307
20244360
20245214
20246656
20247799
20247958
20248757
20249441
20249600
20249975
20250471
20255681
20257198
20258253
20258391
20258449
20258813
20259882
20260110
20262125
20263004
20264167
20266295
20267412
20270977
20283280
20295060
20298949
20299544
20299596
20301829
20304601
20306467
20327703
20331255
20353704
20355856
20362839
20380813
20383507
20388156
20399025
20434139
20438673
20444303
20457399
20515252
20568887
20569574
20569889
20574809
20578636
20585798
20596175
20597360
20611306
20617612
20628503
20628920
20638726
20641443
20656464
20659642
20659731
20666862
20668616
20668858
20669080
20680788
20680879
20680931
20681521
20681564
20681663
20682325
20684439
20699905
20700666
20701368
20701716
20702537
20702752
20702867
20703209
20703567
20703953
20708450
20709815
20715112
20716729
20717064
20724034
20727260
20727917
20728278
20730173
20737823
20741100
20742223
20747790
20755363
20756316
20757072
20759242
20759795
20760776
20766232
20780526
20783777
20789899
20794615
20817615
20817989
20818797
20837017
20843520
20855197
20865567
20866790
20871524
20872384
20872724
20878501
20895420
20909765
20910717
20910772
20911408
20915683
20916715
20917023
20920165
20921147
20924633
20924734
20924827
20924902
20924948
20937917
20944478
2094941
20951557
20956288
20958369
20966452
20968190
20971116
20971356
20972226
20973462
20973578
20973579
20973580
20973583
20973585
20973587
20973590
20973593
20973597
20973599
20983259
20986948
20988398
20988416
20988522
20988542
20988553
20988558
20988563
20988566
20988572
20988583
20988587
20996969
20998591
20999299
21000407
21000996
21006689
21012086
21020929
21021430
21021542
21021786
21022910
21025467
21025771
21035703
21036035
21038175
21044206
21049760
21054035
21057436
21059160
21060253
21061722
21061809
21063550
21063947
21066172
21066320
21066526
21066911
21067062
21097041
21119583
21121678
21129556
21138569
21138625
21153970
21162148
21170536
21176750
21194528
21195329
21195838
21196422
21197447
21197592
21198659
21208451
21224942
21226737
21230803
21231148
21232394
21243028
21244687
21258446
21260716
21261629
21262035
21265465
21270821
21270851
21270942
21271053
21271342
21272881
21279097
21288451
21294356
21297975
21298345
21301870
21305706
21318929
21320986
21333315
21339017
21339385
21345145
21346059
21349625
21350382
21351376
21352067
21352540
21357653
21361501
21367149
21369774
21374666
21381429
21390739
21392925
21395466
21398570
21408025
21457594
21509831
21516212
21529096
21530039
21530165
21556025
21567497
21569296
21569362
21575027
21575268
21576314
21578637
21582792
21583733
21592087
21617508
21617689
21664719
21673672
21738216
21780446
21810893
21816389
21827286
21830080
21831560
21852912
21852964
21864875
21882850
21883165
21887589
21911155
21926918
21926963
21927718
21930972
21939141
21964049
21964849
21967914
21969564
21985744
21985806
22003972
22015535
22034230
22039881
22117272
22124110
22125570
22138497
22155508
22157498
22159750
22164531
22165861
22166639
22170958
22180069
22192635
22210942
22210980
22216309
22220176
22229532
22235654
22237297
22237432
22243213
22247894
22250865
22258103
22258317
22259642
22262049
22263089
22267551
22274215
22275626
22286657
22289594
22294156
22298232
22313852
22314307
22314682
22317407
22319029
22320255
22325696
22325859
22326981
22327338
22327952
22328366
22328704
22328901
22332817
22332933
22333454
22333602
22333810
22336558
22338589
22348658
22348929
22362296
22396375
22397676
22427330
22435012
22450388
22462681
22467146
2250263
22509420
22524174
22525262
22548909
22574644
22579701
22580521
22586811
22611880
22611910
22611978
22612020
22612055
22612087
22612224
22612242
22612438
22612645
22612661
22612686
22612719
22615792
22618358
22619381
22622321
22624385
22624473
22624537
22624955
22629267
22635337
22635907
22639370
22640801
22644435
22647951
22650342
22653002
22654836
22656630
22656732
22671943
22690537
22696268
22697321
22716923
22725316
22725822
22731551
22734853
22734996
22740611
22752364
22767031
22780241
22789848
22807938
22811152
22818947
22835721
22846920
22860377
22882070
22889439
22892331
22897337
22909678
22909889
22909976
22910017
22910054
22910067
22911474
22912486
22913562
22916184
22916347
22919586
22919710
22922987
22923200
22931632
22932070
22932106
22935139
22937138
22937319
22938001
22940828
22944591
22945653
22945939
22947694
22948517
22948566
22948632
22948806
22948823
22949171
22949218
22949374
22953778
22954084
22954192
22954586
22954904
22986418
22987935
22991487
22993007
22993034
23006499
23007436
23007784
23011619
23012610
23019361
23036492
23038220
23038408
23039920
23040627
23043255
23046668
23047425
23055551
23058461
23058647
23060943
23070061
23073645
23085777
23087186
23095705
23095915
23101824
23102860
23106203
23106430
23109479
23111430
23123152
23124775
23126108
23126995
23128595
23130287
23130820
23131794
23134062
23134426
23139617
23144325
23144538
23148107
23161329
23165902
23175914
23178578
23182309
23184044
23195533
23196413
23196535
23206782
23213157
23213596
23215146
23219464
23220205
23220822
23225735
23228865
23241150
23245224
23245640
23269728
23279812
23284978
23295265
23320057
23320439
23326290
23335503
23340442
23347647
23347754
23365104
23365430
23370125
23373207
23380283
23381213
23382974
23383393
23397488
23402927
23414914
23416328
23420871
23429099
23433181
23434023
23466296
23467134
23475601
23487322
23493498
23500473
23510290
23527282
23527912
23539198
23570186
23570270
23570333
23570553
23571753
23573246
23578741
23582734
23590417
23594718
23599030
23599161
23603532
23607697
23608952
23612027
23616138
23618701
23621277
23625083
23625199
23626124
23628487
23630936
23631223
23632274
23632990
23640262
23642127
23643731
23645433
23650252
23653292
23654763
23661093
23663325
23666661
23666907
23667366
23670544
23670571
23672712
23674365
23678245
23678842
23679991
23680184
23680396
23690369
23695924
23698180
23698758
23702585
23703220
23704863
23705315
23707178
23707838
23708008
23708082
23708245
23708293
23708733
23709046
23709705
23710127
23710398
23710452
23711276
23711443
23711742
23712321
23712342
23727908
23728197
23728325
23728527
23728711
23728929
23729076
23729309
23729623
23729735
23730057
23730272
23730979
23731110
23732650
23742827
23746282
23747201
23749435
23751954
23755095
23756324
23768624
23769075
23771614
23783136
23785900
23787775
23789139
23795258
23798671
23804357
23806379
23806811
23806879
23811887
23812026
23812210
23812363
23812396
23812416
23812880
23812936
23814746
23817104
23821714
23822194
23823420
23824020
23824191
23825262
23825661
23829172
23834022
23837131
23838219
23839126
23839143
23843676
23845035
23846988
23850401
23850774
23851673
23852063
23852245
23852387
23852628
23852873
23853050
23853186
23853485
23853679
23854584
23855373
23855522
23855852
23856042
23856889
23857055
23858255
23858958
23861186
23861792
23861818
23861873
23862572
23863246
23865372
23866039
23866203
23866436
23866727
23867739
23868389
23868808
23869649
23869778
23870500
23870806
23871179
23871372
23871470
23872713
23873683
23874355
23874542
23875844
23875952
23875974
23880950
23881104
23881251
23882543
23883712
23884106
23884929
23885924
23886454
23887593
23889004
23892249
23892292
23893044
23894122
23894532
23895784
23896145
23896975
23898543
23899607
23900573
23900747
23903663
23904489
23905028
23905531
23905615
23906137
23907595
23908795
23909884
23910425
23911015
23912048
23913614
23913875
23914950
23915103
23916730
23916894
23918192
23918851
23919631
23920273
23920486
23920506
23923015
23925491
23927019
23927126
23927129
23927278
23928382
23933468
23934027
23934053
23936804
23938469
23938580
23939141
23940451
23940716
23940979
23944259
23944406
23944597
23944649
23947908
23948708
23951608
23951675
23952401
23952657
23953116
23953955
23954358
23955902
23955995
23956596
23958340
23960161
23960789
23960985
23961835
23964127
23964448
23964457
23965509
23967785
23969493
23972038
23972126
23973101
23976985
23978367
23979646
23985336
23986908
23987222
23987343
23987871
23988626
23989465
23990549
23994560
23999962
24008958
24010815
24012503
24012957
24014210
24017238
24019971
24030170
24055207
24055737
24056653
24061235
24068877
24074561
24086342
24095848
24098699
24099116
24099872
24101896
24109567
24117072
24122894
24144121
24146425
24156225
24157220
24159171
24167693
24174117
24200187
24213370
24217769
24222481
24225317
24225775
24226327
24228116
24229068
24229898
24231825
24231887
24232131
24232283
24232922
24233998
24235143
24235479
24237257
24238092
24238281
24238655
24238782
24238842
24238988
24240215
24243456
24243847
24245631
24247541
24247731
24248576
24248868
24249578
24249888
24250037
24250648
24250688
24252099
24252535
24253471
24253546
24253613
24253842
24254390
24255984
24257389
24257482
24257835
24258229
24259289
24260985
24261638
24261756
24261907
24262192
24262229
24262506
24262563
24263011
24263077
24263462
24264317
24265191
24266171
24266914
24267269
24268980
24269076
24269165
24269199
24269717
24270425
24271147
24271509
24271665
24273869
24274194
24274293
24274320
24274998
24275132
24276039
24276468
24276553
24278218
24279016
24279416
24281030
24281154
24281814
24282001
24282727
24282768
24282906
24283758
24285058
24285201
24285837
24286006
24286058
24286127
24286286
24286466
24287792
24292857
24292997
24293682
24293948
24294373
24295466
24296733
24296738
24297233
24297477
24298268
24298446
24298698
24299438
24300773
24300809
24301285
24304689
24304937
24305025
24305061
24305382
24305395
24306542
24307367
24309993
24310438
24311357
24313917
24316007
24316521
24317137
24317332
24317686
24317858
24318569
24318807
24319943
24320664
24321303
24321578
24323824
24324106
24324509
24324833
24325811
24326133
24329216
24330433
24330451
24330482
24330700
24330886
24330940
24331652
24332392
24332466
24332519
24332561
24332598
24332795
24333392
24333496
24333530
24336107
24336797
24336815
24336867
24336967
24338371
2433839
24339093
24339328
24339461
24339563
24339581
24339698
24340826
24340853
24341435
24342651
24343905
24345525
24345725
24345934
24346058
24346081
24346266
24346587
24346863
24352085
24355536
24355661
24355762
24355872
24358346
24358433
24358985
24359044
24359412
24359839
24361421
24368069
24390959
24392073
24408465
24418394
24420788
24422227
24435095
24437382
24440423
24445044
24471900
24477700
24484585
24499211
24508495
24531120
24531432
24531485
24531574
24532614
24532910
24534929
24535038
24535121
24535156
24535185
24547432
24553181
24558852
24603132
24605197
24605566
24610067
24612462
24614120
24616832
24644035
24654831
24654844
24658408
24669537
24670366
24671210
24672527
24672813
24676118
24679656
24689469
24708618
24716350
24719788
24727327
24729561
24738366
24738752
24745179
24745493
24745893
24763276
24786981
24810631
24841525
24848135
24856504
24878766
24882012
24883053
24883247
24892704
24894894
24898484
24900997
24915037
24917689
24922792
24927671
24954530
24956096
24965218
24973116
24979209
24992168
24992726
24995951
24998649
25003240
25005379
25007898
25036957
25047898
25053001
25062064
25062903
25070015
25070574
25070891
25071027
25077034
25081684
25082324
25082430
25082478
25082864
25082972
25084169
25085662
25086729
25088448
25094327
25095425
25095708
25096282
25097635
25097776
25098204
25099134
25100258
25100749
25101935
25106018
25109402
25111681
25114496
25119643
25119658
25121605
25121805
25129948
25130103
25135879
25136527
25138679
25141797
25142157
25142332
25144117
25146433
25157694
25158275
25159379
25166887
25166902
25172838
25173045
25174711
25175603
25175988
25176926
25180242
25182956
25183332
25184003
25184980
25186614
25189661
25192357
25194683
25198995
25200321
25200619
25201388
25201635
25202022
25203934
25205191
25207371
25209457
25213210
25215441
25216906
25218307
25221580
25222219
25225471
25225819
25226627
25226730
25227447
25227479
25227563
25227630
25229315
25231824
25231866
25232659
25232958
25237140
25237174
25238402
25239389
25239440
25240135
25241269
25241476
25244793
25246104
25246231
25246567
25247409
25247701
25248352
25248595
25248910
25249818
25251043
25252680
25253165
25254530
25254580
25255578
25255627
25255785
25256115
25256959
25257346
25258546
25259046
25259263
25259843
25260705
25261789
25264528
25265473
25266225
25267381
25271124
25273185
25278726
25279530
25280365
25281762
25283554
25285852
25286729
25287138
25290702
25290709
25291083
25291120
25291230
25292879
25293221
25293740
25294440
25294622
25294840
25295281
25295870
25296809
25298092
25298127
25302555
25302629
25305155
25305564
25306531
25307697
25309374
25309600
25310825
25311960
25315888
25316448
25317337
25320478
25320502
25322063
25323035
25323326
25324751
25325269
25325302
25325643
25327725
25330459
25331285
25331899
25332018
25332141
25332257
25332303
25332732
25334583
25335184
25335637
25336828
25336979
25337693
25341137
25341212
25344373
25346564
25346782
25348445
25357173
25358558
25358794
25363373
25366820
25374033
25375393
25375573
25375771
25375997
25376074
25376202
25376354
25388391
25398636
25398790
25404410
25406782
2541535
2541897
25419606
25426938
25427043
25436673
25437778
25441335
25442709
25463621
25464175
25469454
25469464
25477474
25478471
25478710
25480615
25488957
25489633
25489856
25495353
25500193
25500424
25502770
25503274
25504534
25507032
25509048
25509073
25510318
25512313
25513114
25513329
25513384
25513407
25514379
25514512
25515695
25516684
25516955
25517057
25517286
25518132
25519142
25520636
25520698
25520906
25521306
25521455
25522427
25522442
25522741
25523222
25523363
25523944
25524335
25524739
25525110
25525593
25526334
25526458
25526815
25527350
25527367
25527646
25528183
25528385
25528935
25529758
25530175
25531269
25531506
25531785
25532073
25533400
25534052
25534427
25535134
25535382
25535476
25536087
25537358
25537596
25538012
25538171
25538379
25539194
25540788
25540991
25541036
25541110
25541163
25541257
25541467
25545061
25545067
25545071
25545078
25545081
25545087
25545287
25545473
25545742
25545762
25546027
25546695
25548483
25549329
25549399
25549465
25549890
25550947
25551133
25551342
25551463
25552870
25553013
25553104
25553592
25553887
25554460
25555890
25556205
25556452
25557811
25557856
25558022
25558030
25558201
25558265
25558679
25559103
25559173
25559644
25560272
25560695
25561272
25561293
25563305
25563634
25566418
25567497
25567720
25567929
25568203
25568639
25570183
25570224
25571817
25572557
25572858
25572864
25575702
25577189
25577670
25578287
25578308
25579801
25580443
25580559
25580879
25581286
25581623
25583234
25583386
25583676
25586509
25586768
25587127
25588968
25589411
25589878
25589894
25590030
25591284
25591584
25592757
25592865
25593220
25593563
25593736
25593842
25594730
25594892
25594935
25597399
25597426
25597601
25597764
25599377
25602158
25602328
25602552
25603125
25603189
25605374
25605607
25605679
25605921
25607237
25608001
25608281
25609778
25611830
25612142
25612431
25612721
25612800
25613743
25614156
25614389
25614608
25614710
25616067
25616530
25617496
25619691
25625587
25628409
25634160
25634255
25634644
25635154
25639870
25640067
25640133
25644238
25646862
25648360
25650855
25653608
25654883
25656074
25658454
25661509
25663311
25665551
25665641
25666261
25674953
25675062
25675367
25676262
25676337
25676362
25676464
25679361
25686426
25687477
25691906
25693904
25699029
25702381
25704845
25708342
25710895
25711609
25716208
25717110
25718150
25720569
25722534
25722644
25724351
25728154
25728798
25730295
25730874
25730955
25733073
25733880
25734494
25735949
25736618
25736954
25738512
25739424
25739918
25740391
25741016
25742073
25742443
25742853
25743230
25745218
25745456
25746554
25747819
25747869
25748426
25749367
25750400
25751700
25752691
25753130
25753215
25757043
25757140
25757369
25757899
25758017
25758173
25758193
25758334
25758342
25758398
25760346
25762841
25764218
25764490
25765778
25765982
25766097
25766174
25766965
25769018
25771714
25771742
25773338
25773692
25774957
25775641
25776780
25780289
25782589
25782965
25784254
25784275
25784284
25786364
25789796
25790088
25791840
25793496
25794158
25794359
25794954
25795118
25795171
25795228
25795622
25795817
25796566
25796969
25796997
25797127
25797500
25797556
25798748
25799948
25802179
25804475
25805178
25807081
25809203
25809389
25809413
25809653
25809678
25810097
25810158
25810205
25810412
25810523
25810688
25810759
25811522
25814424
25814897
25815211
25819086
25819446
25822430
25823131
25823793
25823815
25823915
25828773
25829926
25831234
25832626
25834482
25834910
25835502
25836805
25837002
25837458
25837697
25839034
25839175
25842404
25842657
25843372
25843636
25844047
25845376
25846912
25847005
25847776
25847788
25847909
25849626
25850610
25851735
25855110
25855202
25855573
25856959
25858369
25858701
25858747
25859352
25859366
25859696
25860978
25861053
25861478
25864058
25864238
25864554
25864836
25865269
25867490
25869412
25870421
25871545
25871689
25871783
25872301
25874536
25875402
25880559
25882795
25885189
25885984
25887376
25887803
25888888
25889130
25893619
25893821
25894858
25894965
25896700
25896722
25896787
25897199
25897828
25897914
25898728
25899610
25899774
25900414
25900464
25901519
25902181
25902283
25903394
25911323
25912521
25916705
25918703
25918807
25920289
25921677
25922579
25924189
25924235
25927476
25928523
25930180
25931354
25932971
25933794
25935034
25935099
25935187
25936467
25936554
25937461
25938401
25938436
25940337
25941438
25941645
25941981
25942594
25942657
25943362
25944579
25947255
25948069
25948103
25948365
25949161
25949593
25949680
25949785
25950055
25950567
25950715
25950843
25951313
25951957
25952001
25952258
25952564
25952715
25952790
25953269
25953301
25955905
25956179
25956219
25957410
25957569
25958183
25958603
25958650
25959964
25960693
25960700
25961488
25961775
25961789
25962378
25962594
25962686
25962861
25963517
25964472
25965112
25966375
25967541
25967641
25968061
25968230
25969126
25969938
25969976
25971185
25971206
25971373
25971531
25971564
25972126
25972958
25972979
25973153
25973213
25973437
25973542
25973693
25973748
25974438
25975121
25976597
25976621
25976817
25977171
25977298
25977684
25978966
25980178
25980434
25980690
25981827
25982653
25983508
25983636
25983716
25984676
25984694
25984873
25984926
25985235
25985852
25985941
25986121
25986477
25987385
25987553
25988148
25988317
25989428
25989486
25990093
25994034
25994341
25994376
25995563
25995657
25995811
25995905
25995913
25996001
25996604
25997014
25998584
25998743
26000114
26002423
26003264
26003899
26004002
26004042
26004225
26004535
26004678
26004704
26004724
26005131
26005160
26005218
26005307
26006294
26006606
26006928
26007048
26008369
26008658
26008778
26009800
26010064
26010283
26011227
26012276
26012289
26013806
26015189
26015239
26015513
26016012
26016050
26016818
26016829
26017078
26017231
26017499
26017721
26018197
26018429
26018492
26018938
26019019
26020106
26020943
26022108
26023224
26024288
26024371
26024721
26025920
26026028
26026045
26026408
26027489
26027553
26029894
26030703
26031858
26033284
26033558
26033798
26034758
26035714
26035948
26036123
26037618
26039122
26039345
26039598
26039617
26039827
26040019
26040045
26040403
26040408
26040899
26041653
26041848
26042698
26043423
26043465
26044289
26045843
26045922
26046090
26046367
26046919
26048401
26049308
26050062
26050294
26050871
26051035
26051160
26052203
26052998
26053666
26054336
26054610
26054940
26054986
26055120
26055361
26055658
26056813
26057692
26057843
26058301
26059516
26059531
26060627
26060643
26061190
26062401
26062432
26062853
26063844
26064522
26064956
26067915
26067992
26068009
26068332
26068393
26071411
26072733
26072791
26072954
26073146
26074110
26074675
26075127
26076113
26076341
26076860
26077123
26077235
26077245
26077400
26077855
26078133
26078180
26081214
26083436
26083754
26084003
26089343
26090803
26093996
26094878
26094886
26095558
26096130
26096628
26097878
26098379
26099826
26100260
26100364
26101891
26102347
26103675
26106484
26108574
26108770
26109560
26109662
26110218
26111586
26112228
26112931
26113036
26113556
26114136
26115188
26117239
26120060
26120224
26120457
26121405
26125269
26126599
26130152
26132269
26132759
26133989
26134151
26135087
26135493
26135952
26136792
26137367
26137962
26138202
26139609
26143729
26143868
26144162
26144875
26145520
26145530
26145749
26146749
26147053
26150944
26152205
26153926
26154700
26160813
26162189
26162595
26162775
26162919
26166240
26166563
26166574
26167871
26167959
26174009
26176346
26176605
26178038
26178685
26180740
26182282
26184560
26184575
26184667
26185668
26187934
26188337
26189910
26190824
26191883
26195246
26195937
26196101
26196462
26196960
26197416
26197487
26197886
26198503
26200666
26202444
26205450
26205911
26205982
26206158
26206347
26206554
26207521
26207544
26208682
26210718
26212615
26214805
26214886
26215039
26217045
26218828
26221396
26222644
26225272
26226545
26227053
26228639
26228677
26228706
26229747
26231187
26232363
26232671
26233272
26233493
26234057
26235458
26237294
26238192
26238843
26240980
26241555
26248163
26249071
26249116
26249645
26250713
26250789
26253859
26254019
26256943
26257233
26259403
26259549
26260954
26262245
26262603
26263377
26263414
26263520
26263542
26263638
26264626
26265167
26265793
26266460
26267241
26268782
26271528
26271708
26271751
26272044
26277343
26279962
26279983
26282550
26283029
26283439
26283469
26284323
26284513
26285011
26286814
26286833
26287621
26288697
26289133
26289712
26289766
26290046
26290464
26291425
26291863
26292044
26294140
26294944
26295496
26296980
26297162
26297629
26299554
2630181
26303243
26304582
26305384
26305749
26305776
26306002
26307769
26309964
26311404
26311934
26313289
26314894
26315339
26315536
26316731
26316970
26318248
26318410
26318939
26319923
26321165
26321279
26322268
26323012
26323117
26324991
26325022
26325412
26327800
26328222
26332569
26333554
26335037
26335218
26335381
26335576
26335657
26335664
26336240
26336280
26337732
26337733
26339204
26339340
26339564
26339997
26340669
26340982
26341913
26343213
26343606
26344964
26347044
26348820
26349844
26351885
26352108
26352530
26352725
26353222
26353315
26353539
26353766
26354170
26354220
26354712
26355922
26356187
26356551
26357345
26357362
26358782
26359521
26359642
26360024
26360535
26360626
26361657
26362048
26362066
26362324
26362993
26363016
26363742
26363958
26364868
26365421
26365674
26367171
26367478
26367544
26367652
26368945
26369929
26370076
26370179
26370346
26370672
26371255
26371440
26371586
26371613
26371862
26371871
26372299
26372444
26372834
26373317
26373330
26373404
26373502
26374005
26374527
26374621
26375054
26375280
26375395
26375557
26375824
26376073
26376668
26376941
26376953
26377000
26377053
26377064
26378096
26378167
26378743
26378948
2637912
26379213
2637922
2637931
26379375
26379579
26379831
26379852
26379857
26380306
26380382
26380479
26380801
26380931
26381230
26381902
26382588
26382956
26383628
26384816
26384846
26384871
26384963
26385395
26385667
26385698
26385745
26386220
26386408
26386710
26387050
26387385
26387673
26388233
26388524
26388657
26388988
26389081
26389304
26389627
26389721
26389802
26389846
26389961
26390148
26390291
26390389
26390531
26390898
26391085
26391199
26391389
26391485
26391629
26391670
26391717
26392414
26393238
26393714
26394937
26395007
26395084
26395329
26395596
26396048
26396699
26397032
26397236
26397320
26397691
26398227
26398645
26398711
26398769
26398987
26399080
26399368
26399462
26399751
26399771
26399777
26400475
26400508
26400574
26400704
26400759
26400991
26401006
26401313
26401632
26402141
26402218
26402426
26402759
26402946
26402965
26403009
26403041
26403132
26403219
26403387
26403454
26403523
26403648
26403740
26403888
26404112
26404207
26404403
26404414
26404482
26404709
26405105
26405923
26406019
26406124
26406292
26406426
26406519
26406744
26407843
26407859
26408048
26408120
26408149
26408654
26408876
26409221
26409387
26409514
26409594
26410198
26410214
26410586
26410912
26410919
26411031
26411054
26411148
26411237
26411364
26411441
26411528
26411566
26411666
26411782
26411817
26411879
26412136
26412177
26412215
26412410
26413145
26413436
26413459
26413514
26413754
26413805
26414112
26414141
26414630
26414702
26414715
26414810
26415369
26415395
26415413
26416096
26416601
26417240
26417361
26417977
26418172
26418248
26418385
26418484
26418633
26418684
26419076
26419139
26419922
26419994
26420178
26420420
26420638
26420759
26420808
26420846
26420991
26421012
26421089
26421660
26421724
26421903
26421993
26422259
26422343
26422660
26422689
26422833
26422928
26423096
26423172
26423699
26423774
26423830
26423951
26424333
26424438
26424458
26425011
26425364
26425945
26426190
26426563
26426598
26426711
26426860
26427289
26427303
26427560
26427627
26427969
26428373
26428431
26428668
26428750
26428959
26428991
26429734
26429993
26430339
26430968
26431662
26431751
26432109
26432192
26432261
26433100
26433372
26433407
26433465
26433569
26433706
26433920
26434114
26434200
26434343
26434386
26434472
26434714
26434960
26434995
26435056
26435094
26435667
26435729
26435746
26435902
26436107
26436166
26436847
26437218
26437305
26437826
26437922
26438222
26438449
26438465
26438606
26438660
26438677
26439006
26439204
26439667
26439816
26440611
26441223
26441559
26441826
26441920
26442508
26442512
26442656
26442695
26442888
26443224
26443758
26443795
26443815
26443895
26443910
26443993
26444196
26444210
26444269
26444606
26444613
26444736
26444884
26444963
26445114
26445174
26445210
26445549
26445647
26445752
26445823
26445880
26446084
26446209
26446268
26446300
26446394
26446444
26446519
26446535
26446654
26446700
26446889
26447174
26447683
26447756
26447867
26447903
26447913
26447951
26447994
26448050
26448109
26448228
26448318
26448329
26448472
26448716
26448875
26449035
26449218
26449336
26449737
26449761
26449800
26449805
26449978
26449987
26450034
26450128
26450309
26450588
26450753
26451013
26451016
26451479
26451575
26451989
26452059
26452228
26452243
26452337
26452522
26452599
26452612
26452689
26452868
26453149
26453258
26453405
26453509
26453570
26453587
26453650
26453717
26453834
26453925
26453987
26454284
26454431
26454458
26454673
26454705
26454835
26454840
26455024
26455069
26455177
26455238
26455549
26455569
26455625
26455688
26455734
26455806
26455826
26455860
26455963
26456055
26456071
26456094
26456139
26456192
26456256
26456257
26456271
26456461
26456666
26456771
26456794
26456845
26457085
26457200
26457204
26457243
26457336
26457602
26457640
26457826
26458064
26458327
26458376
26458664
26458669
26458745
26458780
26458839
26458888
26458926
26458941
26459117
26459160
26459319
26459437
26459528
26459696
26459832
26459920
26460210
26460276
26460425
26460478
26460506
26460528
26460568
26460610
26460660
26460839
26461099
26461728
26461916
26461972
26462158
26462377
26462403
26462620
26462774
26462934
26463429
26463851
26464268
26464277
26465412
26466353
26466539
26467482
26469122
26469393
26469728
26470126
26470788
26471145
26472418
26473706
26474340
26474489
26474727
26474788
26474809
26475025
26475185
26475920
26476250
26476378
26476526
26478830
26478978
26479468
26480440
26480462
26480604
26480972
26481706
26481869
26482559
26483045
26483348
26483968
26484644
26484749
26486862
26486885
26489228
26489327
26489446
26489464
26489647
26490378
26491545
26492225
26492990
26493454
26493475
26494143
26496297
26496399
26496859
26497327
26497851
26498436
26498582
26498598
26498731
26498824
26498848
26499524
26499618
26499791
26500012
26500330
26500559
26501625
26502252
26503872
26503905
26504602
26505121
26505209
26505679
26505820
26506009
26507314
26507776
26508069
26508406
26509402
26509820
26510163
26510530
26510867
26511242
26511830
26512788
26512907
26513013
26513251
26514708
26515321
26515947
26517042
26517471
26517532
26519265
26519449
26519639
26519731
26519769
26519820
26519880
26519928
26519943
26520324
26520359
26520372
26520786
26520805
26520809
26520894
26521184
26521639
26521667
26521939
26522123
26522510
26522963
26523054
26523514
26524117
26524201
26524498
26524640
26524690
26524981
26525094
26525214
26525306
26525553
26525932
26526084
26526113
26526225
26526704
26526805
26527158
26527657
26527661
26527681
26527909
26528077
26528251
26528278
26528304
26528343
26528348
26528377
26528571
26528640
26528769
26528814
26528883
26528998
26529036
26529097
26529494
26529758
26530046
26530375
26530522
26530588
26530598
26530824
26530918
26531176
26531251
26531443
26531567
26531801
26531873
26531892
26531913
26531962
26531992
26532309
26532609
26532976
26533429
26533692
26533746
26533885
26533894
26533957
26533980
26533990
26534044
26534064
26534142
26534199
26534204
26534213
26534235
26534401
26534484
26534548
26534566
26534728
26534848
26534888
26534951
26535281
26535296
26535953
26536525
26536780
26536896
26536944
26537413
26537490
26537515
26537865
26538065
26538101
26538208
26538266
26538396
26538712
26538714
26538792
26538967
26539133
26539334
26539426
26539523
26539553
26539686
26539698
26539723
26539789
26539868
26539879
26540554
26541030
26541153
26541171
26542000
26542408
26542428
26542474
26542628
26542810
26543168
26543539
26543650
26543681
26543928
26543956
26544244
26544256
26544453
26544509
26544906
26545002
26545370
26545880
26546714
26546845
26546866
26547004
26547336
26547486
26547657
26547771
26547868
26548281
26548300
26549030
26549204
26549317
26549368
26549902
26550047
26550084
26550104
26550168
26550189
26550233
26550257
26550284
26550336
26550397
26550408
26550713
26550819
26550977
26551120
26551257
26552016
26552058
26552330
26552432
26552569
26552578
26552708
26552916
26553187
26553231
26553284
26553475
26553500
26553515
26553668
26553801
26553925
26554167
26554372
26554403
26554473
26554594
26554678
26554772
26554891
26554899
26555347
26555379
26555670
26555885
26556261
26556313
26556359
26556387
26556428
26556565
26556600
26556605
26556640
26556669
26556809
26556869
26556880
26556932
26556948
26557140
26557150
26557246
26557254
26557267
26557459
26557713
26557787
26558160
26558524
26558606
26558669
26558703
26558992
26559223
26559428
26559613
26559825
26559982
26559993
26560009
26560108
26560110
26560152
26560207
26560409
26560576
26560578
26560598
26560600
26560603
26560619
26560620
26560644
26560715
26560977
26561366
26561399
26561608
26561665
26561903
26562041
26562394
26563322
26563553
26564392
26564442
26564478
26564644
26564824
26564876
26565181
26565255
26565273
26565384
26565484
26565617
26565823
26565947
26566594
26566854
26567093
26567149
26567213
26567261
26567345
26567436
26567491
26568325
26568728
26569126
26569310
26569407
26569410
26569459
26569474
26569525
26569539
26569624
26569738
26569841
26570040
26570131
26570332
26570618
26571201
26571358
26571493
26571829
26571959
26572397
26572478
26572708
26572980
26573180
26573585
26573679
26573690
26573796
26573906
26574233
26574436
26574846
26574981
26575364
26575804
26575816
26576061
26576526
26576742
26576898
26577152
26577209
26577270
26577381
26577921
26578078
26578108
26578338
26578548
26578571
26578714
26578723
26578813
26579077
26579109
26579344
26579704
26579875
26579943
26579949
26579984
26580016
26580122
26580162
26580167
26580252
26580324
26580519
26580616
26580676
26580847
26580898
26581126
26581274
26581291
26581493
26581914
26581978
26581985
26582249
26582267
26582362
26582870
26582906
26582911
26583026
26583100
26583137
26583154
26583169
26583404
26583415
26583494
26583603
26583800
26583834
26583841
26583926
26583930
26583954
26584298
26584562
26584622
26584713
26584854
26584906
26585147
26585264
26585415
26585514
26585853
26585911
26585974
26586042
26586169
26586220
26586588
26586678
26586796
26586961
26587008
26587813
26587921
26587951
26588036
26588113
26588223
26588241
26588533
26588833
26588837
26588886
26588916
26588939
26589655
26589724
26590049
26590363
26590462
26591125
26591339
26591443
26591522
26591955
26592056
26592099
26592233
26592513
26592866
26593069
26593098
26593216
26593305
26593780
26594110
26594130
26594194
26594283
26594432
26594495
26594518
26594705
26594808
26594815
26595046
26595057
26595171
26595394
26595482
26595587
26595826
26596028
26596054
26596268
26596284
26596427
26596493
26596759
26596929
26597038
26597079
26597245
26597470
26597628
26597710
26597834
26597863
26597920
26598009
26598105
26598188
26598326
26598419
26598479
26598546
26598708
26598763
26598776
26598881
26598929
26598952
26599028
26599040
26599209
26599373
26599517
26599553
26599656
26599807
26599872
26600016
26600233
26600326
26600522
26600741
26601417
26601531
26601974
26602340
26602689
26602820
26603149
26603156
26603167
26603625
26603641
26603717
26603841
26604122
26604183
26604448
26604613
26604637
26604708
26604768
26604999
26605021
26605293
26605336
26605353
26605553
26605642
26605666
26605914
26605932
26606096
26606227
26606291
26606546
26606773
26606846
26606861
26607059
26607265
26607330
26607363
26607706
26607743
26607747
26607831
26607833
26607836
26608139
26608153
26608362
26608433
26608579
26608616
26608671
26608750
26608760
26608770
26608837
26608974
26609014
26609258
26609325
26609781
26609809
26609919
26609961
26610052
26610148
26610240
26610284
26610519
26610603
26610689
26610741
26610881
26610882
26610890
26611144
26611218
26611464
26611538
26611766
26611798
26611974
26612038
26612093
26612190
26612328
26612364
26612482
26612603
26612606
26612643
26612680
26612720
26612877
26613403
26613555
26613594
26613719
26613929
26613945
26614112
26614485
26614643
26614645
26614752
26614882
26614895
26615109
26615353
26615471
26615562
26615662
26615682
26615843
26615854
26616072
26616226
26616291
26616313
26616545
26616602
26616639
26616649
26616847
26616871
26616932
26616972
26617000
26617079
26617218
26617262
26617271
26617408
26617472
26617553
26617589
26617613
26617643
26617782
26617874
26617892
26618109
26618133
26618189
26618226
26618235
26618285
26618366
26618478
26618524
26618587
26618653
26618951
26618999
26619031
26619098
26619219
26619531
26619587
26619952
26619996
26620032
26620054
26620183
26620297
26620324
26620427
26620585
26620653
26620670
26620703
26620787
26620799
26620817
26620849
26620878
26620906
26620998
26621039
26621073
26621077
26621206
26621331
26621337
26621402
26621429
26621461
26621490
26621690
26621752
26621818
26621941
26621975
26621999
26622118
26622120
26622382
26622418
26622430
26622444
26622530
26622588
26622639
26622683
26622839
26622973
26623178
26623346
26623381
26623578
26623588
26623729
26623794
26623855
26623873
26623921
26624000
26624039
26624086
26624128
26624160
26624197
26624220
26624264
26624343
26624517
26624604
26624621
26624775
26624930
26625333
26625361
26625362
26625517
26625703
26625928
26625957
26625964
26626024
26626123
26626174
26626310
26626370
26626427
26626475
26626648
26626668
26626753
26626770
26626829
26626930
26626991
26627066
26627238
26627279
26627308
26627338
26627367
26627447
26627472
26627517
26627552
26627863
26627960
26627968
26628009
26628042
26628119
26628199
26628209
26628213
26628396
26628438
26628453
26628456
26628493
26628500
26628623
26628652
26628684
26628696
26628703
26628708
26628888
26628903
26628951
26629022
26629041
26629097
26629131
26629159
26629183
26629212
26629225
26629233
26629351
26629352
26629357
26629386
26629400
26629422
26629441
26629502
26629538
26629573
26629583
26629641
26629667
26629695
26629835
26629843
26629905
26630029
26630144
26630159
26630204
26630225
26630259
26630268
26630324
26630362
26630376
26630413
26630438
26630479
26630603
26630754
26630820
26630852
26630874
26631115
26631219
26631234
26631301
26631361
26631380
26631410
26631528
26631604
26631686
26631738
26631879
26631917
26631996
26632034
26632049
26632129
26632143
26632330
26632353
26632458
26632567
26632677
26632709
26632761
26633050
26633249
26633341
26633416
26633576
26633580
26633591
26633755
26633757
26633796
26633813
26633899
26633908
26633977
26633997
26634085
26634171
26634319
26634424
26634455
26634767
26634797
26634949
26635049
26635093
26635127
26635148
26635173
26635235
26635339
26635341
26635476
26635485
26635523
26635525
26635545
26635681
26635686
26636031
26636340
26636385
26636402
26636489
26636673
26636689
26636816
26636879
26636946
26637398
26637904
26638170
26638214
26638319
26638406
26638480
26638498
26638547
26638756
26638853
26639021
26639217
26639228
26639356
26639467
26639632
26639709
26639743
26639957
26640367
26640392
26640480
26640517
26640666
26640860
26640868
26641051
26641169
26641286
26641343
26641378
26641388
26641508
26641554
26641614
26641693
26641754
26641860
26641900
26641929
26642010
26642013
26642024
26642141
26642252
26642297
26642446
26642493
26642521
26642533
26642619
26642857
26643336
26643474
26643490
26643575
26643637
26643878
26643936
26643991
26644036
26644042
26644050
26644068
26644177
26644200
26644273
26644355
26644406
26644420
26644489
26644512
26644522
26644896
26644952
26645068
26645144
26645196
26645855
26645861
26646366
26646731
26646809
26646815
26646932
26646992
26647222
26647431
26647457
26647517
26647560
26647577
26647826
26647923
26647970
26648057
26648148
26648226
26648384
26648482
26648497
26648568
26648591
26648877
26649045
26649218
26649320
26649355
26649428
26649544
26649549
26649671
26649706
26649880
26649981
26650003
26650031
26650045
26650107
26650250
26650358
26650677
26650887
26650980
26651212
26651226
26651305
26651377
26651389
26651547
26651591
26651622
26651673
26651720
26651800
26651812
26652044
26652128
26652195
26652356
26652371
26652476
26652526
26652589
26652590
26652599
26652604
26652718
26652725
26653142
26653378
26653581
26653633
26653655
26653764
26653911
26653930
26654069
26654085
26654121
26654171
26654360
26654549
26654656
26654750
26655159
26655200
26655370
26655482
26655886
26655954
26655955
26656180
26656249
26656283
26656294
26656396
26656517
26656639
26656662
26656861
26657019
26657411
26657441
26657606
26657739
26658107
26658301
26658444
26658644
26658862
26659060
26659484
26659535
26659573
26660019
26660043
26660167
26660330
26660427
26660984
26661049
26661154
26661331
26661408
26661474
26661595
26661671
26661923
26661939
26661998
26662164
26662180
26662212
26662314
26662723
26662886
26662916
26662928
26662981
26663144
26663241
26663425
26663732
26663741
26663838
26663939
26663990
26664179
26664389
26664613
26665038
26665170
26665309
26665403
26665531
26665549
26665614
26665911
26665914
26666006
26666047
26666087
26666137
26666189
26666387
26666529
26666553
26666600
26666631
26666659
26666821
26666895
26666919
26667166
26667168
26667184
26667216
26667391
26667557
26667576
26667636
26667705
26667754
26667775
26667808
26667972
26668042
26668071
26668106
26668182
26668183
26668188
26668218
26668234
26668395
26668465
26668689
26668704
26668877
26668993
26669316
26669496
26669650
26669667
26669729
26669862
26669963
26670027
26670096
26670099
26670154
26670155
26670239
26670250
26670259
26670365
26670433
26670591
26670593
26670713
26670927
26670937
26671139
26671164
26671308
26671314
26671467
26671664
26671694
26671889
26671926
26671952
26672063
26672105
26672286
26672417
26672423
26672694
26672706
26672825
26673089
26673093
26673337
26673521
26673573
26673675
26673830
26673858
26674273
26674805
26675047
26675265
26675372
26675479
26675724
26675863
26676052
26676300
26676554
26676724
26676772
26676876
26677107
26677273
26677304
26677321
26677609
26677717
26677737
26677907
26677953
26678145
26678209
26678407
26678432
26678439
26678463
26678518
26678554
26678790
26678942
26679103
26679471
26679504
26679692
26679703
26679744
26679876
26680288
26680473
26680620
26680747
26681202
26681320
26681547
26681990
26681992
26682015
26682193
26682481
26682595
26682981
26683001
26683043
26683187
26683285
26683380
26683470
26683640
26683666
26683748
26683768
26683850
26684045
26684159
26684423
26684506
26684535
26684685
26684847
26685174
26685446
26685816
26685886
26686024
26686274
26686319
26686457
26686468
26686508
26686517
26686686
26686790
26686861
26686873
26687104
26687205
26687222
26687257
26687665
26687719
26687734
26687857
26687936
26688016
26688066
26688076
26688086
26688360
26688425
26688434
26688487
26688490
26688587
26688603
26688617
26688691
26688785
26688801
26688984
26689044
26689182
26689303
26689310
26689324
26689353
26689412
26689440
26689459
26689479
26689522
26689624
26689661
26689762
26689772
26689773
26689809
26689818
26689837
26689889
26690099
26690131
26690281
26690307
26690329
26690374
26690402
26690507
26690596
26690655
26690663
26690684
26690702
26690712
26690741
26690752
26690785
26690814
26690983
26691063
26691106
26691119
26691126
26691237
26691266
26691337
26691398
26691434
26691794
26691894
26691895
26691945
26691957
26692194
26692292
26692345
26692380
26692386
26692393
26692511
26692526
26692633
26692644
26692848
26692890
26692995
26693192
26693406
26693430
26693550
26693576
26693709
26693927
26693942
26694088
26694286
26694505
26694538
26694792
26694801
26694897
26695006
26695412
26695417
26695435
26695500
26695532
26695555
26695560
26695566
26695613
26695696
26695792
26695932
26696088
26696089
26696097
26696274
26696284
26696317
26696453
26696497
26696579
26696596
26696620
26696813
26696817
26696945
26697064
26697119
26697138
26697191
26697203
26697215
26697590
26697768
26697794
26697856
26697983
26698134
26698188
26698230
26698552
26698783
26699298
26699311
26699393
26699418
26699433
26699446
26699608
26699903
26699928
26700042
26700200
26700227
26700403
26700473
26700528
26700927
26701172
26701216
26701593
26702055
26702156
26702167
26702439
26702591
26702672
26702802
26702862
26703123
26703131
26703159
26703169
26703207
26703253
26703343
26703420
26703446
26703502
26703572
26703640
26703817
26703966
26704007
26704020
26704200
26704215
26704342
26704345
26704529
26704614
26704632
26704806
26705083
26705242
26705383
26705610
26705807
26705826
26705914
26705951
26706100
26706111
26706116
26706125
26706244
26706355
26706559
26706841
26706843
26706866
26706942
26707004
26707026
26707134
26707157
26707383
26707426
26707633
26707711
26707760
26707779
26707794
26708045
26708074
26708076
26708170
26708292
26708329
26708576
26708580
26708750
26708756
26708757
26708764
26708779
26708805
26708814
26708844
26708913
26708915
26709044
26709047
26709099
26709393
26709394
26709420
26709484
26709488
26709572
26709821
26709832
26709862
26710125
26710158
26710169
26710385
26710437
26710711
26710768
26711124
26711135
26711143
26711164
26711169
26711323
26711334
26711400
26711424
26711486
26711521
26711625
26711667
26711914
26711915
26711971
26711998
26712159
26712220
26712240
26712309
26712405
26712407
26712487
26712488
26712494
26712571
26712573
26712604
26713157
26713215
26713229
26713430
26713589
26713699
26713808
26713837
26713926
26714031
26714050
26714090
26714233
26714270
26714283
26714346
26714368
26714451
26714559
26714634
26714784
26714831
26714841
26714890
26715252
26715638
26715712
26716311
26716323
26716347
26716385
26716524
26716618
26716772
26716784
26716962
26717028
26717212
26717291
26717393
26717468
26717541
26717787
26717866
26717894
26717992
26718040
26718044
26718250
26718539
26718589
26718591
26718626
26718639
26718686
26718748
26718919
26719202
26719512
26719918
26720177
26720251
26720370
26720407
26720568
26720596
26720691
26720700
26720706
26720717
26720739
26720747
26720996
26721140
26721273
26721287
26721310
26721709
26721829
26721852
26721888
26721990
26722016
26722084
26722489
26722756
26722906
26722937
26723333
26723467
26723938
26724292
26724650
26724702
26725124
26725257
26725344
26725473
26725475
26725749
26725944
26725953
26725957
26725998
26726219
26726283
26726366
26726427
26726527
26726900
26726973
26726974
26727163
26727349
26727479
26727480
26727490
26727505
26727580
26727605
26728003
26728188
26728239
26729176
26729210
26729232
26729255
26729374
26729480
26729601
26729747
26729871
26729938
26730274
26730523
26730650
26730983
26730996
26731008
26731171
26731285
26731442
26731737
26731872
26732029
26732074
26732389
26732443
26732452
26732652
26732726
26732855
26732863
26733114
26733214
26733245
26733307
26733417
26733434
26733582
26734145
26734194
26734579
26734607
26734723
26734831
26735069
26735149
26735381
26735802
26735925
26736139
26736588
26736909
26737006
26737764
26737925
26738264
26738431
26738576
26738862
26738954
26739118
26739329
26739522
26739635
26739796
26739826
26740117
26740118
26740214
26740534
26740643
26740851
26741023
26741030
26741214
26741287
26741313
26741634
26741730
26741738
26741879
26741976
26741999
26742008
26742015
26742078
26742085
26742182
26742205
26742222
26742379
26742395
26742479
26742538
26742575
26742586
26743015
26743465
26744075
26744512
26744654
26744803
26744864
26745057
26745122
26745168
26745303
26745326
26745453
26745463
26745584
26745664
26746147
26746445
26746572
26746631
26746658
26746671
26746683
26746704
26746830
26746848
26746877
26746922
26747098
26747117
26747246
26747259
26747280
26747283
26747318
26747393
26747407
26747498
26747536
26748007
26748056
26748121
26748134
26748149
26748303
26748306
26748569
26748898
26748910
26748945
26749047
26749468
26749562
26749609
26749617
26749640
26749946
26750054
26750375
26750750
26750770
26750898
26750947
26751058
26751074
26751089
26751100
26751596
26751746
26751804
26751811
26751876
26751979
26752058
26752430
26752560
26752586
26752679
26752955
26753115
26753376
26753592
26754043
26754101
26754316
26754393
26754628
26754682
26754725
26754860
26754981
26754988
26755039
26755194
26755955
26756053
26756120
26756490
26756501
26756747
26756853
26757369
26757463
26757529
26757542
26757637
26757638
26757695
26757705
26757718
26757773
26757799
26757879
26757883
26758172
26758564
26758585
26758690
26758911
26759002
26759214
26759425
26759463
26759526
26760247
26760337
26760344
26760352
26760481
26760524
26760699
26760751
26760888
26760902
26761096
26761098
26761356
26761375
26761389
26761486
26761679
26761951
26762055
26762171
26762229
26762342
26762407
26762583
26762597
26762641
26762653
26762734
26762883
26762955
26763223
26763382
26763794
26763891
26763949
26764309
26764312
26764400
26764415
26764510
26764580
26764639
26764796
26764812
26764822
26764940
26764952
26765055
26765149
26765168
26765272
26765291
26765307
26765319
26765492
26766017
26766198
26766287
26766383
26766416
26766499
26766573
26766919
26766994
26767109
26767176
26767397
26767509
26767635
26767718
26767722
26767859
26767905
26767931
26768041
26768049
26768063
26768076
26768129
26768355
26768374
26768413
26768894
26768950
26769030
26769060
26769288
26769632
26769753
26769875
26770135
26770320
26770322
26770362
26770450
26770662
26770688
26770722
26770902
26770945
26771065
26771567
26771611
26771837
26771907
26772172
26772235
26772401
26772560
26772922
26772981
26773066
26773250
26773286
26773325
26773625
26773720
26773727
26774030
26774037
26774199
26774529
26774555
26774741
26774803
26775129
26775555
26775584
26775808
26775813
26776056
26776129
26776288
26776324
26776569
26776798
26776883
26776919
26776964
26777040
26777047
26777184
26777303
26777459
26777473
26777617
26777685
26777997
26778106
26778164
26778396
26778686
26778985
26779695
26779748
26780507
26780910
26780962
26780991
26781125
26781242
26781374
26781659
26781787
26781814
26781830
26781850
26781867
26781955
26782006
26782072
26782178
26782578
26782702
26782794
26782864
26782872
26782907
26782943
26783297
26784057
26784074
26784364
26784421
26784682
26784693
26784747
26785125
26785264
26785298
26785551
26785567
26785672
26785788
26785952
26785959
26785980
26786042
26786098
26786405
26786445
26786460
26786470
26786479
26786493
26786503
26786512
26786537
26786538
26786551
26786581
26786596
26786606
26786709
26787095
26787172
26787276
26787444
26788395
26788411
26788641
26788733
26788736
26788808
26788875
26788886
26788906
26789021
26789037
26789176
26789203
26789778
26790055
26790542
26790624
26790654
26790781
26790889
26790955
26790990
26791003
26791166
26791272
26791294
26791348
26791632
26791669
26792472
26792608
26792674
26792733
26792911
26793049
26793073
26793238
26793462
26793463
26793492
26793564
26793628
26793710
26793715
26793912
26793942
26793957
26793988
26794505
26794592
26794701
26794768
26795098
26795338
26795491
26795720
26795726
26795958
26796010
26796249
26796413
26796513
26796537
26796627
26796808
26796974
26796994
26797168
26797170
26797355
26797587
26797734
26797805
26797813
26798144
26798387
26798478
26798564
26798768
26798836
26798875
26798940
26799027
26799137
26799226
26799297
26799509
26799649
26799904
26799910
26799936
26800185
26800348
26800373
26800463
26800503
26800542
26800543
26800793
26801009
26801134
26801621
26801671
26801687
26801739
26801853
26802116
26802349
26802469
26802830
26803001
26803612
26803618
26803738
26804248
26804384
26804400
26804468
26804613
26804647
26804729
26804787
26804938
26805085
26805300
26805457
26805475
26805563
26805713
26806227
26806431
26806541
26806619
26806655
26806682
26806701
26806889
26806900
26806937
26807011
26807023
26807059
26807076
26807109
26807116
26807136
26807152
26807185
26807194
26807265
26807365
26807387
26807529
26807621
26807650
26807795
26807807
26807844
26807859
26807877
26808185
26808232
26808352
26808436
26808464
26808467
26808776
26808970
26809359
26809360
26809602
26809723
26809826
26809881
26809913
26809974
26810103
26810104
26810446
26810552
26810686
26810710
26810830
26810885
26811415
26811465
26811479
26811585
26811704
26811825
26811937
26812063
26812098
26812161
26812219
26812232
26812291
26812303
26812312
26812341
26812367
26812527
26812781
26812788
26812862
26812967
26813178
26813197
26813437
26813519
26813702
26813787
26813900
26813939
26814046
26814052
26814130
26814217
26814350
26814365
26814415
26814479
26814510
26814571
26814708
26814958
26815011
26815124
26815226
26815255
26815268
26815314
26815331
26815475
26815542
26815883
26816035
26816054
26816508
26816589
26816614
26816620
26816731
26816821
26817104
26817216
26817219
26817582
26817833
26818021
26818044
26818107
26818151
26818467
26818642
26818718
26819147
26819161
26819314
26819481
26819555
26819579
26819602
26819613
26819672
26819690
26819738
26819857
26820107
26820191
26820211
26820235
26820243
26820252
26820254
26820269
26820279
26820290
26820293
26820319
26820335
26820352
26820363
26820416
26820481
26820494
26820589
26820591
26820605
26820894
26821016
26821033
26821053
26821098
26821194
26821238
26821296
26821378
26821705
26821989
26822020
26822105
26822132
26822292
26822356
26822371
26822378
26822395
26822484
26822492
26822545
26822575
26822595
26822649
26822656
26822667
26822815
26822839
26822951
26823015
26823295
26823309
26823363
26823420
26823522
26823551
26823569
26823620
26824063
26824273
26824329
26824612
26824787
26824973
26825075
26825104
26825189
26825427
26825592
26825837
26826004
26826250
26826298
26826424
26826429
26826686
26826734
26826793
26827015
26827072
26827080
26827094
26827338
26827586
26827774
26827898
26827954
26828086
26828245
26828295
26828610
26828617
26828841
26828942
26828954
26828955
26828980
26829266
26829280
26829314
26829354
26829549
26829707
26829903
26830041
26830074
26830085
26830101
26830121
26830219
26830247
26830265
26830286
26830323
26830383
26830436
26830455
26830486
26830502
26830512
26830783
26830867
26830948
26831072
26831115
26831116
26831199
26831340
26831360
26831620
26831704
26831796
26831988
26832284
26832436
26832666
26832758
26832807
26832849
26832892
26832940
26832946
26832959
26832975
26833063
26833098
26833135
26833191
26833235
26833255
26833694
26833720
26833864
26833876
26833928
26834156
26834413
26834586
26834597
26834611
26834914
26835079
26835159
26835181
26835274
26835286
26835300
26835304
26835315
26835583
26835731
26835761
26835837
26835868
26836074
26836472
26836488
26836579
26836720
26836725
26836829
26837006
26837248
26837294
26837330
26837331
26837358
26837635
26837660
26837840
26837911
26838194
26838244
26838439
26838495
26838625
26838653
26838704
26838717
26838783
26838842
26839590
26839689
26839905
26839938
26840144
26840220
26840363
26840453
26840475
26840621
26840659
26840804
26840826
26840998
26841066
26841181
26841195
26841304
26841413
26841414
26841615
26841684
26841779
26841871
26841894
26841997
26842022
26842152
26842216
26842289
26842319
26842376
26842394
26842494
26842519
26842533
26842561
26842645
26842747
26842873
26842947
26843047
26843217
26843351
26843388
26843414
26843474
26843794
26843852
26843906
26843926
26844009
26844039
26844274
26844288
26844345
26844608
26844613
26844630
26844704
26844731
26844803
26844855
26844860
26845039
26845089
26845106
26845138
26845289
26845344
26845366
26845409
26845430
26845490
26845506
26845526
26845529
26845715
26845992
26845994
26846099
26846263
26846309
26846351
26846441
26846491
26846561
26846598
26846603
26846627
26846698
26846736
26846927
26846983
26847024
26847058
26847215
26847324
26847363
26847407
26847623
26847678
26847687
26848032
26848096
26848171
26848216
26848240
26848293
26848315
26848332
26848357
26848380
26848478
26848487
26848499
26848620
26848621
26848685
26848761
26848800
26848831
26849039
26849044
26849430
26849450
26849609
26849839
26849943
26850042
26850087
26850114
26850160
26850217
26850219
26850306
26850390
26850455
26850560
26850658
26850659
26850738
26850793
26850934
26851044
26851098
26851365
26851439
26851503
26851509
26851527
26851652
26851765
26851796
26852286
26852373
26852376
26852409
26852430
26852538
26852568
26852569
26852698
26852794
26852861
26852895
26852919
26852945
26853058
26853335
26853438
26853455
26853567
26853589
26853626
26853694
26853988
26854021
26854025
26854029
26854068
26854251
26854320
26854391
26854757
26854827
26854900
26854901
26854933
26854980
26855078
26855178
26855282
26855461
26855464
26855671
26855896
26855904
26855911
26855934
26856056
26856225
26856226
26856386
26856410
26856417
26856590
26856689
26856728
26856862
26856871
26856941
26856957
26857034
26857131
26857180
26857199
26857227
26857249
26857262
26857285
26857286
26857298
26857348
26857355
26857405
26857428
26857471
26857479
26857758
26857766
26858247
26858248
26858368
26858442
26858477
26858569
26858613
26858765
26858781
26858882
26859141
26859233
26859287
26859508
26859534
26859748
26859776
26860257
26860334
26860376
26860423
26860474
26860504
26860554
26860651
26860681
26860772
26860813
26860827
26860905
26861050
26861123
26861177
26861217
26861276
26861389
26861603
26861769
26861793
26861885
26861913
26862100
26862103
26862120
26862123
26862199
26862239
26862266
26862324
26862364
26862370
26862388
26862465
26862560
26862717
26862819
26862821
26862925
26862931
26862937
26862944
26862959
26862965
26862968
26862978
26862983
26862990
26863004
26863013
26863021
26863029
26863033
26863038
26863045
26863065
26863067
26863073
26863078
26863081
26863085
26863090
26863096
26863100
26863105
26863110
26863122
26863127
26863134
26863139
26863142
26863149
26863152
26863161
26863168
26863174
26863186
26863199
26863216
26863224
26863227
26863230
26863235
26863236
26863238
26863240
26863261
26863350
26863713
26863772
26863803
26863810
26863820
26863858
26863893
26863898
26863905
26863915
26863918
26863975
26863979
26864024
26864040
26864144
26864153
26864309
26864543
26864701
26864754
26864855
26864927
26865142
26865210
26865266
26865370
26865387
26865391
26865409
26865418
26865441
26865454
26865462
26865571
26865704
26865714
26865761
26865763
26865807
26865823
26865845
26865847
26865913
26866032
26866049
26866137
26866254
26866363
26866542
26866694
26866747
26866794
26866949
26867022
26867144
26867145
26867152
26867157
26867180
26867234
26867241
26867309
26867365
26867450
26867564
26867588
26867606
26867622
26867632
26867646
26867649
26867671
26867692
26867710
26867891
26867929
26867954
26868057
26868108
26868168
26868325
26868333
26868335
26868506
26868593
26868616
26868731
26869048
26869072
26869173
26869199
26869244
26869280
26869323
26869362
26869401
26869849
26870110
26870122
26870249
26870254
26870290
26870309
26870312
26870376
26870416
26870433
26870513
26870549
26870564
26870594
26870605
26870615
26870636
26870658
26870696
26870717
26870724
26870739
26870761
26870789
26870797
26870862
26870969
26871040
26871079
26871150
26871247
26871375
26871397
26871510
26871545
26871829
26871886
26871899
26871981
26871997
26872362
26872368
26872372
26872482
26872497
26872674
26872732
26872794
26872878
26872958
26873093
26873111
26873209
26873397
26873448
26873495
26873511
26873531
26873552
26873567
26873584
26873596
26873610
26873630
26873740
26873843
26873932
26873939
26874073
26874108
2687969
2728323
2777149
2934943
2950840
2952127
3088633
3267256
3267719
3268648
3305479
3308547
3310458
3425467
3439828
3458375
3460232
3596289
3622345
3675806
3676209
368496
3830737
3832339
3904142
3912814
3915360
3961408
3961816
3979403
3980246
3981331
3982179
3983835
4045618
4102366
411588
4117609
4119874
4123218
416795
4172158
4289966
4291788
4310033
434329
4370218
4370546
4482832
4530650
4568063
4601588
4605908
468371
4723542
472600
4746711
4770216
4778095
479340
481510
4870474
4931673
5059090
5062367
5064263
5085359
5159668
5181155
5184884
5187262
5194560
5294897
5385752
5473373
5480177
5496692
5540160
5683554
5683570
5683725
5683738
574191
5766242
5779286
5798932
590603
6012806
6048774
6049205
6088158
6098111
6101907
6109872
6114806
6140493
6179431
6181845
6227283
6254780
6288873
6290198
6330336
6330838
6343295
6351285
6372008
6383669
6410667
6428829
6486388
648949
6504052
6504453
6595117
6595968
6597485
6608709
6645028
6659468
6725542
6726801
6755727
6767045
6817906
6834257
6837885
6851304
685541
6931214
7085456
7181399
7181404
7250707
7251371
7252737
7252943
7268
7278864
731956
736512
7443621
7476382
7488834
7527733
75913
7592706
7606844
7646847
7704207
7705578
7707682
7768966
7775255
7775761
7802063
7804534
7818379
7867037
7869702
7873794
7910975
793663
7940226
7950380
7988183
8006009
8008834
8011623
8011887
8012306
8022433
8057972
8150360
8153965
8167977
8194135
8197269
820818
8302938
8402467
8506028
8590118
8646317
8861666
8922320
8939007
902339
9065036
9086707
9138226
9144852
9148071
9175124
9192302
9195533
9200507
9257879
9292743
9385474
9390006
9405673
9514021
9569622
9651127
9651609
966353
967296
9716403
9749268
9755914
9764584
9772341
9842269
9842932
9843358
9844503
9844780
9844989
9856276
9887034
9918270
9939255
9940131
9950145
9950159
9966191
9968399