23799386
21754004
26763964
26477174
23486987
25950778
11153200
26205180
25691906
23933371
22775204
26423198
26267100
26694395
25901294
20680788
26264389
26729230
1074741
25551007
26630413
226064
26333441
26549416
26239929
25958354
24473711
26117239
26311119
26745714
18026585
13418114
26571201
25384766
23771274
20154034
25674612
23621331
6759402
26692335
26788906
20027073
13418051
26657889
21451372
25493826
26162950
13418269
26349142
26507668
6428829
26654069
26413430
23183419
22737114
26042224
26418072
17311168
20598956
13478187
1154730
1527506
26400704
26196350
22883046
26578735
24197086
26339387
4249405
26620849
24395086
26718347
26609117
26432714
13200035
20222811
26379550
12243469
25837135
26699433
22499024
25913930
24285857
26758489
26758421
26724456
16064246
26649910
26151083
13650763
25898797
26285336
22396870
20179504
26079542
23132190
23709995
23867758
20628055
18484070
26370449
26329677
26299554
15200954
22829433
26721445
13513289
23628765
26357345
25427380
26505261
26182289
26453544
20691851
23887034
758561
2639591
25534052
24345725
26420969
26629780
26416184
26603460
12508493
26398286
17975565
26654915
26452190
23130714
23851375
26703966
15422071
18836043
26738534
23865786
24541389
25800425
10981980
26765558
22618173
26691907
22319827
7263899
26442888
26796319
26684506
26669109
26317428
26754744
26630820
21790528
19752000
25356163
26629159
26259091
25904943
25557856
25911781
25126622
26157086
26785298
25558679
26713934
26039637
26694497
4608007
18030220
23080169
21233939
24271147
12575865
22990513
26426763
25278110
25286612
23221931
26641508
26739180
26131631
25955784
25730367
26470399
21222346
16188108
26789190
24078392
22626909
24352308
26762466
10811468
26701857
26351145
26693430
26458745
26771530
26429993
14963361
5752451
26559175
11241387
26365767
8057972
25809653
19788264
26588852
26302073
25716768
26347315
26641448
26271620
26062951
26417333
25376068
20583940
26539686
25964828
26754630
26786521
26672825
26795703
17796846
26399777
25429706
26462527
26489478
12137184
26754628
1463279
15822079
16168274
23446391
26118427
26697280
25083731
26185940
26553352
26725257
22861615
25115157
26797966
26506048
26080705
26294944
26739773
26559494
26684831
26540391
474164
19974007
24103223
26250932
25113654
11561683
25329408
26766452
20413404
26182258
23912048
10732638
23793471
26682193
26653655
20996242
26767080
26748150
16438976
26625964
15509451
9419671
24210907
26452412
25563742
20881028
26337451
10411956
12997423
25988317
26765319
26294204
26508382
19700101
22758942
26303183
26120602
24033758
12803498
26670685
5746782
725005
26513954
20818797
21842483
19399172
14338972
25638870
23117994
24832014
25254580
20699905
16567817
7450464
1201566
26750849
26796425
25549329
9923276
19917350
26520894
12364650
25906333
17680188
26471857
26333630
26791037
23860965
20722929
22755055
11901062
23891715
26318737
25219901
24871796
26727649
17441897
18848086
25527508
24630837
17514462
25400758
26589002
25687102
23798923
22453413
25540754
26757637
26116128
18931645
18671079
11811231
15130298
26114914
23575450
25893700
22146622
26259811
20742223
25717942
26150559
23725319
26587931
26668519
26034643
18928926
17905602
26267696
26592099
25848647
22344281
26562929
26485788
5413506
23797597
26444058
26681009
26089411
17659423
26020510
25159747
22247894
24945902
26657539
18484705
19848972
23713517
26046045
21780610
25549399
26239731
18387097
26671903
26640868
26753364
26782548
26743657
22981248
26705009
18888892
25446786
25496815
25605862
26620112
25482087
23812396
25644704
20239502
26705816
26433247
25447281
26781966
23277307
26605336
26491256
9981160
21778905
24111770
26752001
7150998
26259070
23777032
26612982
26289712
26536847
26799491
26769701
26753764
25280068
23717303
26128654
26280474
20896107
26542351
1083519
26695560
26637398
20038672
26798387
2440961
25481846
26641696
23456849
24257482
20710824
25915882
26294376
20268710
26550231
25464085
26701334
26554159
26511809
3476742
26736739
24946147
26785815
21328939
10232705
20638726
15868094
26734030
26725503
25299395
26505598
24860139
26693909
26427138
26001601
26713215
25535113
26738582
26593780
19744667
25535274
26751032
24988421
21824055
18414494
25204078
20527419
15786538
26081958
23363297
26509116
13281918
26288680
20718560
26714634
25863483
26750391
9483281
10233754
25838344
26659060
23139752
26607831
25946642
25540788
24651554
26791408
26413145
26798515
26513871
23707838
1126153
26747283
26332107
26095044
1395093
20749040
26305727
25927260
8734399
25519774
26663632
15706874
26035758
20938406
20662507
26777005
25895669
26687170
26778984
26765234
26772219
26295278
23469764
26085449
26580817
23330319
11273962
26651673
19839123
20973587
17873165
26738799
26249408
11713005
26435929
20868223
24131339
23519079
22885729
26412206
21137617
9200507
25601232
26063204
19996229
25891248
21869278
25701019
26438716
22901452
25965898
23810592
26442239
25932189
26730446
26777472
26614575
22396855
26624160
26528977
26129749
26048148
20143586
7740120
23980201
26180491
26628144
26556055
26650106
26746736
26404078
26783576
21442367
21195838
16074064
26726129
19975338
6504052
1424033
26614882
23837647
20624102
25141648
24193125
20115382
25520010
24618437
26705083
25404895
26631528
23781425
26035423
10306144
17589045
26152939
26445880
16488353
10703826
24195548
25605607
26752319
158951
26637529
26274418
19022300
25382642
25541036
26391494
5006904
26791496
26734908
24196087
26200139
23052751
26573423
23188753
26142079
26221861
26750054
26268480
17759338
13417856
26308753
25802574
26763458
22818818
26749340
26460819
25722256
26701260
15176296
25580559
26629250
26150403
25634255
26289679
26648568
22500391
20757202
11206884
16218109
26574981
9690877
26000114
23425951
4732735
20569574
26416886
25315966
3566477
21748736
26438270
12570594
25439712
17842709
23429093
26780139
26522419
552321
17953309
23799889
26614485
26690386
26765962
26529058
227517
26644035
25256035
26118098
12919286
26766955
12252235
25734790
24500152
21801506
24669834
26788808
26673173
26307245
25490415
25250166
18679176
25284432
16733366
24780009
23492119
13418297
25825594
26350891
12325769
26794608
23882120
26420420
26555306
26109662
26254123
26144790
22900891
23186576
26521501
26736139
26680827
20760776
25743619
26494018
26335061
666032
22485273
26776233
18932773
26564384
26785280
21864875
21058266
24098382
26103813
26386990
26220895
24502469
26731096
15629403
20660115
21346059
26183424
26509231
19537617
26754125
4080800
18399183
21817876
26774696
18294707
20108150
25935099
25324070
26760524
19509150
416795
26522061
15688542
777125
15786650
20764129
26640392
25959434
21926963
25669315
23486415
22049606
26613251
20171661
15857521
25556205
14892625
26556010
2250263
20696533
23884106
26641573
20217863
24992279
21240402
26628160
26080850
25731311
26172654
26772967
26461815
26551527
24306230
26361740
21105420
24397165
25255088
18281237
26174377
24676118
26703104
25402447
26321331
5780793
18043779
26755935
25024034
16769173
26781955
26270494
26631568
2923087
25713588
25039953
26719993
25750028
26777190
23697988
23062466
23963323
26492523
26503067
25546993
1246202
26117022
26703817
20717145
24403160
26751965
19400955
26202191
26513861
26550491
17267813
25903554
1181808
23431996
24885300
20199721
24586486
26546234
26518112
23763646
26780991
25969278
14743638
26556760
26292707
26553200
26756501
26419274
7768966
26604267
25773702
26708805
25931673
26308829
26385330
20757072
5103739
26583671
26617590
26620324
25674304
17657730
17071852
26128069
23499122
26552441
24076127
3879793
18483789
4858483
24658454
15138159
21577024
26590462
20929449
18607371
26641623
20557364
25714336
26350863
26728003
26679783
25910408
25862583
26412305
26072879
26418385
23416569
25405576
26779535
26775561
26294985
26410933
26642991
20517722
22185031
26240081
12916872
26467720
26767820
26716459
11988572
26799489
25375573
25427977
26780439
26076113
5489710
25221712
21239484
26720934
19872604
26543714
26541607
26761858
19472890
26678501
26327325
9767693
25810158
26643114
26373943
25810523
26079429
24004382
22904627
26654113
25521455
22269906
25142332
19638137
7904368
26558516
19605218
20014671
563644
23156579
25241476
26786773
1123063
26255367
26196660
14743268
25626543
1021315
26799101
25163864
25897374
26799558
12805845
26666821
26687205
17351575
22696268
26736665
26193193
3295470
26740957
26543614
26762811
26781963
23812416
26799237
26377458
21854661
26481259
26795992
26009257
23070504
26798989
21479716
23035819
26577103
4261426
25961794
15564677
26516535
24445789
26111270
20285819
25375693
15941626
24170696
26276204
20437548
26747378
25658526
3215401
24489760
1949547
16062265
26724629
25180476
23997732
22947694
19659882
26793148
26748446
23881251
20941909
25999297
17519201
26754912
20234247
26611061
26712309
20232862
26776224
10579077
25720689
22490168
26407180
24388781
26285446
15419383
21048064
20862196
26788531
26123781
25994987
17717632
26774109
18728036
26569357
26511256
26163864
15152604
23405158
23651697
26748918
23445260
26330193
26372280
13005113
22253410
25332303
18441808
26228454
16584916
25900369
26400407
23872568
4560289
26548587
20338442
21339385
26786377
26309708
26774562
25527304
26340982
25015518
26716085
24621599
26742453
23981265
26556350
16412306
26781774
26179171
26782085
24082688
25892893
26635338
11997580
25499363
23574850
26471335
26489096
24392245
26729871
26632049
26079515
26379375
26782975
25159558
26433920
13141502
26505865
14948711
26709191
26642987
26535197
23708245
25656911
26418172
23836607
26034852
14428219
9684600
18920545
20570201
25506055
25971373
26707794
26721945
12353126
26484906
20272355
26769104
25850802
25983902
6044281
13417950
26122007
15478390
24903142
18006899
23178163
14722936
26470126
26630324
26533195
20025501
26102441
15554061
26748384
26356071
26323728
26314575
23178963
14767758
16702390
22971166
26319785
26245321
15477362
23924314
23263204
21327517
26792436
25312596
25515352
24670366
26664966
26577484
25794343
26529758
26427446
25993410
23083622
24868333
20240911
26699903
6062330
22716991
23900177
25553013
26689522
18446882
26795830
26273241
25537085
26475577
15848968
22423816
26207521
26749492
26734038
20877312
26641562
26312146
26305464
26666718
25495235
24200942
23889134
26528883
26796343
26731199
1463976
22284654
20854812
20295060
12195964
25481782
6148822
20088204
25675062
26035662
26641585
26775892
16903784
16288845
23219464
26457529
26767864
26792809
26454819
18657161
12445160
26291765
20638209
19926048
26291341
26689303
26742251
26387050
26737073
26532978
12315200
24381951
26661053
25949161
11106543
26594691
25356778
25185038
26594495
5561158
26412136
26337982
26684422
20910723
12056878
26573520
26683157
26635866
18989256
26075105
14517604
26637149
22624955
20885410
26648384
26229401
26735668
25160251
26761458
26362499
23375307
24199803
25910084
23096998
22905294
26798900
24078346
26721829
19999872
26800854
26226709
23228865
15679520
752999
26709047
26473762
8324936
25921686
26749283
26114267
26720598
25758551
25613177
26496138
26627365
18728333
17977714
25574334
26276199
21396418
24784958
26104215
26782910
24903602
1214041
26226144
13000551
24682644
12971597
26098454
26559950
26539553
26306554
25348733
18400717
19979974
9609209
16062827
3456696
1272392
25927476
26782678
26388988
10719726
23206712
26644217
26077993
26541778
15608646
25915212
26735069
24238092
26454394
26689889
26292207
26784226
15442973
25899748
25522189
18227521
6098690
25617496
26661154
26620267
26049915
26770636
26276121
9990152
26504904
19962985
26373084
26725022
17316946
23210110
26118222
4125875
24972757
26183123
26481892
21575027
26334799
26514853
10783624
25166887
25854171
25736407
7940226
20198167
26723794
6505946
25432723
26707426
26520837
24853205
26710616
26683650
26316586
25600569
23491439
26799727
1173776
26463308
26780416
8083795
26170942
24483102
22561158
26775870
26308504
25376136
26776927
25299554
1058245
23805393
26219401
26308267
23000589
26434200
26721764
21227703
24776085
25911482
21855251
13206420
23009566
25801732
26131863
1347137
26451747
15746167
25733529
25141275
26512615
24869838
26266325
24232922
23976170
19819775
25973437
26773729
25434912
4506315
25207295
26565501
22193203
20981068
7619397
25902669
15308435
18808347
26781800
1280596
26626753
22328901
26301281
773509
25939958
26364343
26177410
26095491
26754378
20369249
26618713
10886053
26560706
26705929
7583843
21321136
26004389
16782967
14797922
24813748
26252673
26236823
26713299
26693781
26652069
26521073
26737773
24094222
26545292
18532691
1174863
23236522
26626930
3121029
26395363
25293221
26634210
26635573
26035983
26572845
23654002
26222961
26715747
18475770
18195430
22827888
26653764
23103300
20624009
16039780
25781827
25619355
26487245
25269510
26578813
26786736
25943039
15787240
23521114
26320369
24031111
26533901
26658971
23669360
26166024
26538391
24192082
18724689
25259381
24595652
17776364
25294840
6360835
20050662
12404618
15091586
26753353
26450479
25097776
26391948
26785456
18805151
1131079
26776609
25537946
26777926
26580616
26681202
26770662
16255467
26799602
18103200
26668690
26287547
26504984
1124267
26715936
25106276
26240032
25104863
26074416
26324212
12688770
13418183
26439543
26673521
23963955
25989987
23892249
25756090
20236513
26776027
26489167
26480597
25323713
23348339
23841592
24909391
19927910
9467221
26767257
26255628
26411237
26742338
235395
20129090
25898293
26629220
26150315
26264822
20283190
26703169
25592865
21471887
26440576
26447798
22450321
26231080
20841851
23365736
25856366
26596003
26676265
26253126
21119583
23868276
14275729
26582645
23854761
26690697
26348710
24903469
25152686
26632689
26754402
26522694
1259900
26728895
1311123
16968723
26529016
26710157
26235304
20266295
26790298
26143263
26501855
21214293
26757599
12448869
26765161
26689268
26401595
24891380
26491150
22337114
26798984
26662767
26522760
22034081
23612405
25842285
26341119
26322018
26035539
19101847
26381230
1301882
26514410
18198863
2211991
18210227
26786213
26742308
26544573
17335927
26678790
19509845
26774188
26591044
26628623
25462857
12548762
26726973
26547479
13364552
26662177
17717604
23042173
1197621
14468568
25861569
20093833
25494270
24218742
25888300
20004356
2728323
26763978
26773951
23633940
25667298
23729623
26585415
23839497
26616647
20372805
25559492
25483055
12237813
22241786
14348130
25587482
1223094
1101862
26389244
23961835
24708618
21699692
25155737
17173277
25649288
24042308
26349507
17825938
26281715
26613871
26718735
26663374
23645830
16476818
24652688
26542259
25192056
7606688
18305402
25486538
26077245
23724134
25620409
25035490
26683392
26434582
26722836
26484804
26583278
26204123
26629367
25298158
20872594
21392608
25836147
16116526
26117739
26468638
26578290
26630268
25201635
25560556
26776345
26341600
25902181
26065985
12989910
21161655
12238007
12613532
26052244
26768514
26710361
26456842
26308566
25532247
22736148
23853679
26546105
22536439
11332080
26634843
25960693
26406877
26323594
21841852
26780434
23717032
24167860
25683608
25897394
23134203
22356580
21118377
20697909
26272044
25925581
22601100
26741738
15541301
23148107
26749379
26098052
23290448
26780910
26679692
25761135
26555344
25572557
26580898
26753376
26335120
26800281
26756014
26218675
23946284
26746254
26282549
26757400
24651690
26724061
26508635
26582004
26037252
26127993
12667796
19632980
26723297
25336828
21530165
7376578
11770329
26611538
26413488
18979312
26534622
2713477
22754224
19808603
26295773
26654121
26063857
17087789
26596325
26684416
20232567
25764511
26743405
23466583
20709353
213724
22898468
26791003
26659591
25255578
25806187
26561929
23177513
26787691
25570428
21069015
25040188
23783892
22722761
26570369
15831482
26767299
24444459
26783713
25735315
26481071
14840840
25663724
8103793
25352834
24365227
23710127
25728638
26785867
26263638
26343527
26781835
26788743
24864604
23982983
26559359
25779221
26141354
19114091
21949764
9436908
26650568
6595438
19188338
23414914
25313449
20306799
4911877
26272636
26583735
16722397
16766518
26500040
26792113
26666612
26788098
20149469
25981813
26781632
22333883
23990832
26705807
23912177
18529291
23373207
26749286
26790901
25936611
26766262
26680045
26780329
25530607
22764535
25953444
7858682
25352650
26373546
25934958
24484585
26327800
26738313
26767857
24694940
26754821
22131007
22663082
26291416
13160520
7302848
25911329
25315888
26442798
25355237
26674976
26658573
26759960
26752298
26129509
25633881
23896975
7918317
26711820
23804577
26275174
1062379
26632458
23736433
26206554
23175986
26156831
24624966
26457880
25958360
26440710
25849464
25358992
20777991
26526451
25442376
25997654
25916885
26553408
23573620
26599209
15311721
24282768
18449522
25625738
26715001
23053309
23889757
26433706
26774189
25726849
26786234
26796133
21021542
26774710
26695732
26421089
26775648
26403881
26446575
26411364
26797105
25850610
22317103
26636257
25736817
26610259
20992189
26645005
26033488
22531374
18087858
26761563
13418156
17537774
26742510
26774612
20339978
25587127
26612429
23995052
9346505
26773157
26762682
26493162
25241252
26788416
26649355
18005114
22106993
25796634
26377063
24995835
21162514
23493498
25430371
25455793
13992554
3859303
26781307
22724520
26693539
26776421
26296638
20284565
26723014
24261638
23712321
23784804
23834851
21583733
26529304
26323287
26428580
25331563
22741819
26539788
21664733
26768076
25874835
26782812
26556902
18222766
26717649
19838133
26590363
13136246
26467535
26594194
895243
25541439
24131243
14747203
18549778
16051995
26746812
21085978
26645596
22494852
26410586
26454793
26126777
26757886
15551563
26444853
24537159
26689310
15982886
26677304
26740592
25254898
26464974
26729292
26122481
25912499
26668044
26127805
24104650
26226399
24632039
26631892
26742939
26323012
26459842
11051581
26773063
22473247
26206480
15743
23073645
1484047
26700196
21164122
25637223
26176346
25342547
9941559
25806035
12699215
547796
26533238
25622005
26667560
26799335
12961750
25677971
26026028
18583434
20749825
25705325
17458621
26751187
21057436
25952773
25504928
13544723
26521702
26621058
26757778
26397691
26672423
26779714
26582066
26753490
23479333
18174270
14521725
1014791
21039150
21000676
25357151
25580879
20839021
26671904
26696962
18354310
5737274
26483097
24185733
26698539
26415411
23536908
26780482
26513221
24680691
26626829
26537865
26404403
25997568
26361005
17311492
22744559
25720887
26061823
21745319
1294457
26325830
26412350
26609907
7799639
15135290
17946469
19594758
25111927
19523689
23695924
20865978
26541030
26774857
23294102
26780667
26780250
22453613
26030703
21597951
10735149
1020221
26436183
26550266
26350878
23650112
26773147
20154674
26074110
15236766
16729099
26798964
26288843
25918121
25136055
23280709
26753236
23053479
20866916
26680518
23769892
24090769
24286286
13755567
26780063
26586796
26472418
25040932
23677652
26510973
22765354
26751987
20851789
25113532
22540652
25899613
25992008
8220876
26752343
13603835
26627853
23885916
26546368
24905792
26754316
19912602
15428818
12344880
22839146
25897024
23822194
24198133
20796989
26609901
26238843
20116666
24860416
16633355
20700927
26180619
26767095
26733217
20033006
22962304
26756393
1052347
14616577
23701292
26353026
26609136
20709815
26237812
7773310
23069546
26774798
26467171
26562475
26702735
26747563
18804887
26765257
26422842
26731190
22781663
22543140
26314894
26368945
26139609
11886384
21321023
26773671
20483235
25767461
25910035
21597515
358170
5286655
18090135
12843621
7488834
26273786
26406629
26159024
26790337
25052161
21115957
26450362
25916588
25965669
25747545
26598793
25285697
26761941
22429989
25003828
22908070
960007
26607743
13418166
26628652
26726884
26449618
24878501
14802918
25737301
19961185
26185304
22646245
26329490
26067322
24668267
26787029
23475601
23143576
26602689
26126970
26521225
24444592
26662928
26283998
26401313
892308
2110412
17718141
26653961
25849894
26715805
25419650
20257659
19445095
26274301
11527255
24648412
10533253
17843059
26647929
24491984
26429243
25393648
20330176
26655124
25111239
26484186
5537352
26791689
26316625
19052146
26649868
26604448
26035914
26320935
26269500
25528475
26570883
25998743
23304148
20712959
760583
25262303
26562898
25203986
26655997
26415413
26197886
25649560
20702867
26735011
26635497
26534650
21571938
26764689
17689094
24696612
26113198
22606969
20586363
24217327
23823333
23606026
25373244
26653186
10506220
26142518
26635948
19660864
26492274
26722668
12453843
25570943
26793479
24471132
21158696
25903106
26640533
24950736
26230403
26761877
19407639
25516567
26534942
9392490
26691126
26684683
26750012
5433962
26569607
25300306
26776209
25166248
23144006
26697119
1962757
25345764
26706376
26362263
19659386
26587473
25545320
25833849
25524620
26247403
26024786
26742921
23897085
26582870
26430496
7331273
26628119
26737006
3649772
26446118
23756896
26095399
26756153
23434578
26651962
26768041
26765056
26799056
26091958
25577670
26551228
26776593
26280717
26776002
1146991
26492363
17454556
26755730
26614062
25605921
16696077
26613842
26474620
1247607
25428076
23666894
25404765
13492860
1115031
24342651
26196808
26381616
23246506
21672092
25192892
18379384
25578287
15572393
24478123
26580773
25482334
21126289
25970398
26388524
26669744
22701931
26734194
24419434
23903663
26585686
10324708
21117004
26788017
21454230
26725829
26791480
26015231
26752586
26576947
26026045
18104575
5138027
26773860
26129428
15408727
14057841
18590842
26285207
26731955
26153344
26785331
24083768
23963101
12965615
25484964
17575020
23816102
26705613
15444223
25586735
23288485
21808665
26748588
26109855
26465763
26367886
26234202
18228148
15610954
25938661
17804399
25375558
26709460
23647220
24037545
26094124
26604534
20852226
20624524
25864581
26370079
26630798
23121529
25910724
26475622
26800027
13448986
26412532
22912569
26747318
1079758
17212587
18403146
25915130
26764082
26295403
26694499
20260924
26747636
18057364
26754046
26754981
23106683
10645251
24941039
26720860
26471145
25109157
25620959
25871168
26678554
26661048
22512304
26470100
26739627
26677787
26778889
26353479
23612238
26300893
26341184
26646366
26256639
25922159
22432839
22676980
7291068
23645507
19739483
25047153
26717349
26166594
23455321
26789022
25569979
25238197
25905480
26662158
25236776
26412121
25490436
26645855
26776970
26770162
26778373
25890142
23454646
21086504
18451739
23393482
26744778
26500777
3337745
24570741
26573975
26630394
18195175
26207197
23647345
11518303
21686658
26509707
761719
26510530
15470747
26765750
22012759
24957044
23973284
26636986
26615526
20627022
22499591
26433148
26762600
9587893
26432849
26618601
26588568
26751804
26343422
19449321
26190280
25834107
22061837
26107878
25097037
26466353
16496419
17006802
8255632
25241269
18676279
21104068
26391487
26097905
19814633
26773448
26780191
2777834
26252413
23795040
23618701
22115839
25962663
26567093
24317858
23790908
13417943
26271886
26792045
26277808
21214412
26800898
21503507
24419838
26784212
26407068
26388794
26346857
18181151
26497960
23134062
23887669
26255588
24984626
25806037
26763769
23445311
26589634
22509420
24071712
26771547
26727163
25945705
23920486
26774621
26629432
26209049
26631715
26570229
25592912
26495945
25995132
21159023
14140636
26357683
26254337
26674206
24625774
25529236
26099642
26000214
26700593
25325266
22763422
19513640
26735802
24317686
12516268
8393588
26764143
10518783
26743695
18079354
26002472
25896312
8167977
26720243
23933468
25524451
26642978
24436251
26800348
12325483
26762407
1175584
22166639
23121386
26281742
25809810
25288758
26665749
26506677
25946979
26644182
14894287
20241414
20793503
26057013
26724702
26769900
21060253
26620395
25583096
26629400
9684207
26434240
25945895
26787441
26775332
19316793
25439033
26505820
26370346
25919215
26646809
26774576
25488957
24684604
15169971
25714371
26602862
25901519
15801397
26560729
21509831
26432746
12739466
26649549
26738938
26667326
25747442
26136991
25539493
26441826
18858766
26357953
20525417
16116410
26161305
21020929
26678439
26245801
25539625
15860403
17486639
26284875
24460517
25695346
1117636
26710572
23897792
25745218
26503959
26762763
26617003
26397534
25418043
15569974
26124077
23317725
26732066
26729255
26494052
26738337
1637525
25809829
25839034
23743721
25499054
20077260
18300861
25499586
8465699
26564392
25417539
25843280
25188343
23886900
25918365
25664087
19623000
26713926
24341435
26404482
25844588
26772727
7734135
22497911
26737527
26544221
24097200
25569071
26402141
17827277
26785551
13418159
25839415
26597920
7311614
19305262
25922611
25197276
7340197
26615690
17365400
26764751
26402874
26481574
26481748
16471378
22970452
26779842
25839123
26657352
19494721
26367489
26493767
26001197
24836228
24966686
26265167
26478756
25910631
1393741
14155028
26338848
26718466
26585974
24144762
10906855
18245184
26762423
25010281
25841745
16134860
26692345
26757512
18698362
4333374
23229356
14799931
26445020
7359818
26553642
25405701
25259843
20010018
26403416
24274194
1167317
26024503
18399392
12953903
17106940
26733619
26460713
26384555
24832031
26567767
26544691
19728244
26770722
12350522
26516138
25241239
26466794
19646328
25398790
26387590
23695916
16953242
26572811
25990279
15682737
25236975
26374068
1162690
26121438
26304382
25573016
22612242
26642024
25290163
25884163
26517122
7380038
26338326
9507742
19674347
23417865
26596028
26780013
12102953
1158030
20333988
20632333
23151575
25696028
22986418
19439906
26183230
26662164
19716398
26562868
26478582
26032895
24775899
26776706
22857632
6594700
24038991
22827575
18354578
26591561
6442198
26787006
26171395
26726974
21059160
19618234
22041627
25853070
26163235
26150134
26084110
22702035
26491923
26692141
17920908
25889130
19849381
17276706
26442339
1266006
26065981
22887731
24846961
26014816
14577004
17102762
18301750
26764551
24546131
26581978
26583931
25489696
23556261
26693412
25795118
26731971
26628629
26538065
25673909
26795529
20244360
26410787
1227853
26788447
1013442
25795199
24517036
26137062
25945976
26738970
23730006
16404917
26784862
26448109
25522816
26723479
25431410
23703220
25772762
26122174
26517767
26592993
22443685
20549036
25686305
26638683
25522772
26757487
25713910
25815742
26781777
19866552
24279281
26717468
1131797
26465835
23942364
26255320
1264584
20536648
26586179
26162189
25248740
21599879
26521518
26096628
23880618
20475313
26664144
26120688
26786853
23062427
23245741
26720568
17483098
24438288
26396647
26125185
24156313
23710055
12503650
26404414
23341349
26264129
26406426
18323251
26685010
26553725
25808104
24615832
1966482
16237023
15330111
14950028
26298000
25780289
20160665
25019516
26570959
26480944
23587707
23872431
26610934
26764826
711327
1231454
26617196
26747714
26729685
26318338
1095427
12602157
26255258
26636340
26064191
17934877
23850634
26384996
26367771
10359068
22901444
26547442
8596933
26658444
23844924
22948512
26744825
25839053
23992936
26040019
26320258
26034016
26692020
26765090
26507576
21260050
6192125
23682410
23918813
5123964