10033028
10064824
10087661
10088236
10101460
1014061
10141834
10147121
1016369
10166838
10167871
10170903
10202319
1021634
10219521
1021999
1022341
1023794
10247556
10249918
10250098
10254824
1025970
1026328
10267554
10268402
10271707
10274888
10275353
10277941
1027805
1028743
10308400
10315279
10315573
10317854
1031892
1032610
10329860
10349856
10354585
10368684
10398288
10417851
10419020
10419615
10426442
10426504
10453411
10455937
1046660
1047369
10474205
10488413
10489457
1049091
10493497
10501215
10503380
10506220
10533015
10533784
10550323
10551101
10551472
10551853
10552294
1055554
10574725
10575864
10577858
10582533
10583558
10583624
10610043
10617474
10618279
10627569
10630286
10630617
10631016
10639394
10644207
10645969
10646557
10649586
10655128
10660399
10669837
10670211
10681748
10682140
10687621
10701555
10706103
10707941
10709086
10713548
10721685
10722135
10732129
1073974
1074765
10800523
10811071
1081141
10831703
1089632
10920254
11069086
11084310
11085100
11086847
11107070
11128318
11147387
11148081
11148495
1115282
1121674
11218565
1122497
1126153
1126491
1126559
11279094
11296401
1130003
11313054
1131971
1132999
1134479
11355278
1136556
1136594
1137806
11381566
11382378
1138511
11403697
1140966
11442555
1144448
11452214
11456438
11501672
1153285
11570129
1159819
11604838
1165568
11658453
11661046
11672611
1167323
11713285
1172581
1172772
1172908
1173558
1174564
1176176
1176704
1177433
1179075
11792748
1184539
11851618
11922872
11946255
11956050
11987362
1199323
1200392
12004370
12019611
1204324
12078619
12121044
12132669
12163836
12173639
1221383
12214836
1221876
12243194
12243338
12243447
12243542
12260523
12262141
12273751
1227853
12309217
12332010
1233930
12347372
12387445
12404514
12448869
12460007
12460989
12464189
1248616
12500235
12501526
1251370
1252754
12530816
1253288
12534452
12534732
12540428
12547243
1254906
12560352
12569673
12569758
12583946
1259032
12607724
1261734
12629376
12654848
12670415
12693959
12698039
12703480
12712849
1271674
12732170
12734302
12742746
1274631
12753530
12770769
1277292
1278467
12786432
1279766
1281163
12823182
12830153
12889484
12903432
12905392
12908442
12911849
12911901
12914626
12918271
12932640
12945290
1294933
12950926
12989599
12995399
13003509
13023818
1302859
13037979
13062280
13063378
13078017
13083115
13084544
13085870
13102957
13104044
13113556
13118873
13121231
13128820
13129458
13129852
13131548
13146756
13149374
1317479
13181548
13183178
13197279
13202091
13212748
13223579
13227210
13230498
13234955
13240727
13249207
13249605
1326974
13271372
13279943
13285608
13296347
13323170
13335863
13339450
13339674
13364861
13366196
13370681
13392367
13416738
13417858
13417861
13417864
13418046
13418050
13418051
13418159
13418177
13418197
13418201
13418204
13418206
13418210
13418214
13418219
1347646
13531900
13536524
13537012
13537249
13537583
13539721
1355642
13596193
1361750
13625921
13636167
1364954
1367300
13678188
1368505
13722868
13749521
13800078
13822405
13855281
13899299
13918773
1396667
13984134
14037891
14102111
14104282
14118598
14119925
14180265
14192676
14200503
14220930
14240687
14276995
14321054
14363980
1442059
1443011
14477569
14489387
14555910
14586822
14595014
14608025
14673642
14690924
14717815
14734215
14760989
14796356
14815060
14815279
14891031
14893246
14898638
14915149
14948711
14957778
14960471
14972798
14986746
14993893
15026052
15065666
15123709
15130313
15130898
15186591
15197333
15201516
15208879
15232536
15236766
15248964
15292596
15361280
15363675
15384189
15399690
15408727
15419383
15449573
15505717
1550731
15522315
15528512
15531078
15541305
15543282
15548680
15569974
15572045
15583249
15590502
15591005
15600850
15607252
15627337
15635082
15637348
15645418
15652077
15655062
15655499
15656387
15657458
15660178
15662079
15664091
15666308
15667164
15689555
15706770
15709543
15731044
15732847
15733008
15748276
15765113
1576837
15780636
15802191
15821966
15822025
15822079
15822153
15822212
15822292
15822337
15822692
15834640
15854728
15855669
15876540
15878375
15881202
15882025
15893382
15901162
15907130
15910598
15937381
15941626
15948897
15951887
15957741
15958228
16004336
16006402
16006771
16012182
16018114
16018214
16025053
16025377
16026989
16037646
16038680
16042798
16044374
16044785
16045644
16047495
16048127
16048685
16051349
16064246
16068104
16070999
16071618
16072245
16098678
16110101
16111817
16128314
16129989
16135796
16140215
16142307
16144665
16146193
16149422
1614958
16154830
16156420
16161849
16165329
16168088
16169677
16174212
16180363
16180411
16180918
16181563
16181791
16183359
16184006
16185286
16185820
16186980
16203124
16206498
16216426
16218113
16218767
16218904
16222176
16223091
16226160
16236189
16238230
16242650
16250213
16272544
16275410
16292787
16299887
16332738
16332842
16443569
16475014
16475428
16475564
16475649
16475975
16476320
16476534
16476818
16506356
16524124
16524161
16524192
16524275
16525849
16525878
16526010
16527719
16581341
16584338
16586650
1662234
16656395
16656397
16656398
16711760
16713867
16713918
16713936
16713956
16713957
16713961
16713978
16713979
16713980
16791676
16806169
16834046
1684361
16869960
16891098
16898976
16927367
16932139
16947123
16958392
16994531
17003777
17006789
17006797
17006802
17006804
17006805
17006811
17006820
17006823
17006826
17006836
17006842
17006851
17020618
17020640
17020643
17149165
17182962
17191760
17193654
17207517
17237034
17265780
17302698
17332874
1735179
17366361
17368308
17368523
17374649
17375006
17378598
17383557
17471858
17476293
17511169
17540983
17552702
17553359
17605879
17605988
17608549
1765263
17659417
17665450
17672978
17676004
17682327
17748759
17750280
17761552
17761755
1776662
17809770
17816472
17819300
17838267
17843398
17850695
17852154
17852405
17852630
17876869
17888280
17933083
17934945
17935895
17944810
17952143
17955330
17966351
17983190
17989448
17992078
18026585
18035586
18057364
18065271
18066749
18067594
18067739
18070633
18080250
18082195
18093908
18094001
18095668
18095949
18096655
18108058
18108796
18113928
18158794
18164573
18180271
18180705
18186391
18186618
18192174
18192236
18194306
18195879
18199222
18208383
18213259
18214090
18228256
18228467
18229922
18243822
18259318
18259518
18293731
18297672
18298397
18299713
18307068
18317219
18322839
18349863
18355006
18355266
18359149
18362311
18363995
18375417
18379638
18392748
18393375
18399392
18403040
18408851
18408931
18409027
18409064
18409220
18409236
18409439
18411775
18427254
18427289
18428021
18428623
18429521
18434557
18437482
18438038
18438361
18438675
18441048
18442678
18443679
18445349
18445937
18452243
18457189
18458700
18466901
18484705
18491156
18495408
18499378
18499615
18501525
18501753
18501761
18502516
18502717
18503858
18509232
18513687
18531070
18531646
18533674
18537457
18538696
18541163
18541850
18545715
18549778
18554008
18557070
18557786
18567004
18570918
18574066
18574652
18575825
18576727
18584253
18588255
18589463
18589483
18589971
18590842
18605903
18620000
18621289
18630728
18630841
18638227
18641982
18642104
18642193
18642308
18644593
18649108
18650148
18652035
18654180
18656757
18657413
18657614
18665387
18665728
18669109
18669217
18669940
18672646
18676613
18678298
18698362
18699969
18702148
18711582
18718529
18724689
18726594
18730382
18732529
18737330
18743182
18743823
18745759
18746799
18751937
18752835
18753256
18754419
18758970
18761742
18763102
18766694
18766817
18770041
18770223
18780608
18780964
18784235
18789126
18789650
18790695
18791376
18792041
18792089
18796912
18797117
18797273
18798413
18798622
18799195
18800473
18800830
18802671
18803295
18804887
18805253
18806601
18806643
18808027
18808934
18809270
18811991
18812010
18812132
18812139
18812157
18812163
18812169
18814563
18823996
18824380
18846044
18917810
18943055
18968425
19022896
19043562
19055150
19064657
19096654
19096850
19097381
19111900
19112058
19134358
19213916
19247929
19260021
19260775
19269143
19278868
19319652
19340035
19356342
19359665
19360266
19361977
19367100
19367574
19373468
19383314
19415886
19456074
19457129
19460686
19466962
19485428
19485489
19494559
19496805
19497452
19497763
19535630
19539733
19546176
19549707
19561028
19570532
19583830
19584547
19623000
19625918
19649216
19655797
19658279
19666542
19668084
19707933
19707992
19708040
19708089
19708148
19708207
19727143
19741944
19752000
19760332
19760960
19784741
19785632
19785718
19785852
19796666
19811637
19811744
19820439
19840655
19842285
19877468
19889046
19936375
19940761
19971238
19971408
19984521
19990596
19995110
19995979
20008532
20016360
20016986
20017861
20031764
20042055
20073626
20076898
20094602
20094612
20113688
20123466
20140066
20168809
20178903
20182207
20188859
20189629
20219094
20230940
20231193
20231941
20233924
20233978
20235518
20236630
20237107
20237763
20237916
20239166
20240428
20241414
20241536
20241991
20242451
20243424
20244071
20245430
20245756
20245915
20246524
20246685
20247823
20248481
20249335
20250027
20250205
20250786
20251074
20251153
20252042
20252462
20252788
20252847
20253575
20254534
20255321
20256915
20257690
20258125
20258303
20259268
20259430
20260044
20260058
20260163
20260446
20261092
20261183
20261247
20261666
20261784
20262711
20262975
20263576
20263647
20263795
20264366
20264583
20265034
20265086
20265184
20265462
20268420
20284565
20285819
20289723
20301447
20308473
20318534
20329647
20335942
20337359
20350005
20350174
20367426
20372169
20372628
20392120
20414216
20414408
20414531
20415412
20429669
20429944
20439154
20483934
20491619
20507148
20514910
20546692
20548847
20549995
20550241
20556639
20557120
20557179
20565606
20569231
20570201
2057895
20586573
20590341
20592478
20618372
20622673
20624102
20636238
20641042
20641343
20645793
20652899
20654922
20664626
20678249
20685158
20689048
20701039
20710155
20711323
20715474
20719880
20720398
20737558
20749825
20756069
20762464
20766958
20782743
20791242
20803891
20804759
20805715
20806568
20807797
20823354
20824119
20829895
20830113
20832304
20834509
20837208
20844171
20850478
20856152
20856846
20857820
20860669
20862004
20872598
20872680
20886486
20889697
20903570
20912700
20951039
20952909
20954946
20956551
20962461
20973667
20974393
20980307
20985148
20990010
20995052
20996885
21000732
21002346
21002521
21002696
21008564
21009370
21009715
21010209
21011209
21012877
21013301
21023047
21023827
21024790
21030146
21030350
21036456
21036690
21037082
21039123
21042136
21045040
21053524
21054251
21058248
21063953
21065087
21067786
21068470
21069792
21070019
21070125
21073832
21080260
21086076
21112668
21113774
21117928
21118379
21121804
21122174
21129608
21134672
21138625
21141171
21141995
21143492
21143863
21145501
21146623
21146727
21146893
21146899
21149175
21151635
21156482
21158080
21159330
21159361
21160080
21160922
21161396
21161706
21165456
21167157
21176750
21177431
21178028
21180189
21185484
21186370
21186702
21187746
21192456
21193195
21194475
21202169
21202247
21202298
21202443
21202574
21202723
21202820
21203003
21203285
21209062
21209103
21209154
21212590
21212764
21213197
21213892
21214656
21219547
21220837
21223068
21224963
21225573
21228139
21229307
21230772
21232793
21233118
21233875
21237378
21237663
21237722
21238172
21240402
21241554
21242990
21243028
21244162
21244434
21244765
21255023
21255132
21256225
21256865
21257357
21258276
21260840
21261788
21263429
21264529
21265409
21265775
21266381
21266729
21267577
21269594
21272492
21272881
21276413
21276849
21280989
21281289
21281748
21282416
21282807
21282844
21283443
21283564
21285043
21285794
21285882
21286004
21286298
21287197
21287731
21289022
21293366
21293571
21295429
21297515
21297688
21297886
21298534
21298763
21300276
21303625
21305799
21308790
21309587
21313557
21315403
21316433
21317388
21318929
21319160
21320711
21322647
21323354
21323631
21325094
21327517
21327601
21328046
21330083
21331181
21331354
21332205
21339017
21341275
21345741
21345929
21346059
21348749
21349669
21351677
21353426
21353668
21354085
21354920
21355451
21355996
21356012
21356069
2135728
21359565
21361501
21361778
21362849
21363943
21365981
21367149
21367949
21368197
21370961
21370983
21372317
21372339
21373127
21373433
21374301
21376197
21377430
21381315
21383237
21385718
21386353
21386638
21387940
21388692
21390944
21394798
21395393
21396642
21397359
21397470
21397563
21397750
21397755
21404006
21404986
21407550
21410137
21412633
21413154
21414608
21416863
21417464
21418676
21421179
21423407
21423949
21426444
21426812
21427023
21429005
21429784
21429834
21429890
21429956
21430395
21430878
21431763
21434312
21434676
21434721
21435093
21437957
21439227
21439514
21440506
21442367
21443842
21444736
21445300
21450990
21457101
21526945
21654623
2170347
21717077
21750559
21750671
21750926
21759340
21767938
21782320
21800025
21802205
21804593
21813244
21818727
21823323
21829403
21862782
21883536
2191554
21927037
21975961
22013775
22022520
22072577
22101828
22110316
22116650
22135525
22156254
22192503
2220775
22264367
22267767
22274274
22276924
22310913
22311633
22312135
22312786
22342619
22356171
22360769
22362703
22380929
22383520
22391053
22391154
22400158
2240092
22408762
22411372
22411511
22435875
22441821
22455389
22456990
22470694
22483830
22486893
22496755
22521974
22531142
22531462
22532120
22551556
22561919
22571563
22601349
22603058
22606222
22606969
22607099
22607114
22626764
22637291
22642375
22644973
22670571
22681161
2268477
22685271
22726390
22737509
2273829
22744010
22747575
22749107
22754149
22777632
22779777
22791185
22798500
22832655
22873134
22877616
22884226
22897172
22898654
22919302
22924150
22948943
22955424
22957742
22964794
22968054
22970452
22970681
22971798
22973624
22980321
22981248
23006993
23011461
23013068
23021291
23024435
23025030
23030726
23049386
23049866
23050373
23052281
23097455
23098223
23106305
23106683
23110866
23129894
23134203
2314241
23142923
23149086
23171790
23181761
23184909
23185436
23193977
23199121
23200130
23202959
23209141
23217883
23219290
23220170
23226603
23232675
23238165
23260557
23261089
23263912
23267832
23268790
23325606
23327158
23331679
23332303
23332643
23337058
23339468
23340286
23341302
23361824
23361835
23371269
23372884
23394720
23395664
23396032
23396819
23417542
23430448
23433192
23433603
23436907
23437167
23439731
23450377
23484568
23485829
23496559
23511800
23513853
23523966
23528994
23529374
23540460
23540650
23540987
23541165
23542874
23551808
23566680
23567272
23567333
23573716
23573805
23574857
23576311
23588665
23601212
23607102
23612238
23612405
23613267
23620577
23621387
23622731
23633987
23643263
23654392
23658548
23660633
23661476
23661599
23665683
23669472
23676880
23681152
23684597
23696109
23720526
23720978
23734180
23742209
23742653
23744869
23750534
23751795
23752318
23764372
23764418
23771000
23780206
23781708
23783988
23785341
23785346
23790579
23795040
23799386
23802557
23804577
23806520
23807057
23810272
23811426
23812118
23814945
23817276
23817284
23817620
23819145
23821364
23828156
23831422
23836995
23842451
23844745
23852024
23852885
23853009
23853754
23858323
23865533
23870154
23872317
23872568
23877431
23877457
23883505
23884448
23884726
23887348
23890574
23890908
23896414
23896650
23900177
23906345
23909834
23911397
23920936
23928464
23931510
23933289
23937288
23940441
23942545
23943555
23946284
23948947
23951670
23953094
23953124
23953379
23953384
23958103
23958758
23960804
23961588
23962254
23962713
23972180
23972550
23976491
23978929
23979752
23980731
23983830
23986657
23989388
23990832
23991612
23992972
23993971
23997720
23999435
24000526
24002848
24003877
24008120
24008399
24010635
24011256
24014165
24014975
24015218
24015629
24016908
24017477
24023149
24024178
24026754
24027371
24028032
24028220
24028403
24028802
24028977
24029064
24029127
24030458
24031373
24031817
24032639
24033222
24034217
24034610
24036562
24038222
24038231
24038318
24038333
24038472
24038539
24038551
24038644
24038786
24038807
24038847
24038912
24038991
24039294
24040834
24040911
24042822
24043813
24044330
24044965
24050340
24051611
24053277
24055426
24057398
24059504
24060176
24060678
24069956
24070552
24071276
24071712
24073060
24074723
24075788
24076182
24077383
24077681
24082221
24085113
24085216
24085872
24087835
24087986
24088953
24089492
24089652
24089794
24092041
24097190
24097200
24097387
24099812
24102070
24102699
24103744
24103806
24105306
24106522
24106592
24107060
24107183
24108534
24108783
24110316
24110663
24112131
24112741
24114063
24115134
24115341
24115432
24115873
24115885
24118823
24119158
24119912
24120670
24121995
24122890
24124004
2412555
24126245
24127841
24127934
24129235
24130181
24131243
24131339
24131409
24132120
24132622
24133802
24134535
24135079
24136547
24142764
24143055
24144739
24144826
24145992
24147745
24149571
24151928
24152355
24153531
24158013
24158047
24159555
24159734
24160246
24161623
24162192
24164353
24166446
24170665
24171058
24174150
24175626
24176268
24176333
24177971
24180665
24181821
24182130
24183373
24184115
24186960
24189362
24192082
24192204
24192342
24192519
24192614
24193767
24193948
24194260
24194303
24194448
24195232
24195413
24196087
24196443
24197019
24197086
24198133
24198557
24199809
24200438
24200942
24201610
24201910
24203250
24204440
24206834
24209061
24210520
24210753
24210907
24211071
24211232
24211524
24212321
24212948
24213156
24213261
24213332
24213420
24213485
24213539
24213609
24214587
24215031
24216074
24216321
24216929
24219031
24220227
24221879
24222733
24222883
24222972
24223455
24224213
24224714
24225117
24225566
24226268
24226912
24227306
24227338
24228303
24232131
24233710
24235354
24236453
24236759
24237209
24237644
24239753
24239950
24240483
24240670
24242807
24243173
24243618
24244886
24245428
24245470
24246081
24246174
24247562
24247818
24248708
24248792
24248868
24251856
24252048
24252441
24252989
24253382
24253537
24254576
24257472
24257656
24258272
24258679
24259426
24259641
24259914
24261290
24261756
24261848
24263218
24263813
24265394
24266000
24266079
24266383
24267332
24267782
24268540
24268878
24268958
24269112
24271709
24271921
24274008
24274320
24276061
24276378
24276383
24276525
24276544
24276590
24276705
24276865
24276948
24277046
24277352
24277482
24278076
24278272
24278596
24278862
24279863
24280873
24283703
24284075
24285754
24285837
24286058
24286127
24286286
24286640
24287339
24287781
24289521
24289989
24290253
24290296
24291736
24292232
24292891
24293112
24294121
24295176
24299131
24302003
24303574
24303893
24305126
24305498
24306003
24306434
24306595
24307062
24308452
24309993
24310028
24310080
24311793
24312015
24312104
24312173
24312512
24312671
24313955
24314031
24314054
24314405
24314719
24315516
24316485
24316759
24319313
24319682
24319869
24321194
24322749
24324242
24324463
24324831
24326680
24326928
24329090
24329216
24329517
24329769
24330482
24330483
24330552
24330690
24330702
24331009
24331105
24331734
24331971
24332392
24332466
24332519
24332551
24332561
24332598
24332627
24332689
24332701
24333982
24335677
24335986
24336655
24336987
24337030
24337631
24337784
24337821
24338265
24338270
24338372
24338497
24338515
24338631
24338862
24339142
24339346
24339412
24339414
24340284
24340853
24341435
24342412
24342959
24343094
24343551
24344423
24345950
24346368
24346863
24347056
24347115
24347140
24347192
24347202
24347210
24347216
24347241
24347252
24347265
24347275
24347279
24347329
24347437
24347696
24347703
24347975
24347980
24350033
24350183
24350260
24351113
24351491
24352188
24352267
24352565
24352639
24353087
24353514
24355504
24355999
24356265
24356576
24357642
24358650
24358798
24358978
24359120
24359412
24360197
24360377
24360909
24361145
24361154
24361165
24361345
24361390
24361623
24361760
24362594
24363665
24364504
24364661
24365307
24366053
24366059
24366186
24367209
24367416
24367605
24367695
24368294
24368802
24369006
24369007
24369341
24369367
24369618
24370017
24370167
24370649
24370903
24371969
24371997
24372000
24372149
24372403
24372412
24372703
24372714
24372865
24372995
24373145
24373683
24373817
24373830
24373901
24374344
24374569
24374818
24375106
24375163
24375354
24375408
24375621
24376228
24376319
24376355
24376446
24376522
24376885
24376921
24377452
24377596
24378150
24378648
24378899
24379713
24380097
24380803
24380897
24381808
24382107
24382310
24382446
24382473
24382670
24383077
24383588
24383610
24383752
24384324
24385178
24386134
24386378
24386388
24386599
24386615
24386719
24387874
24388428
24389196
24389284
24389285
24389372
24389408
24390781
24391459
24391603
24391801
24391990
24392164
24394320
24394474
24394573
24394842
24394964
24395471
24396722
24397151
24399295
24402642
24402964
24403228
24403798
24403815
24404365
24406093
24406668
24408825
24410249
24410257
24410331
24410425
24411133
24411797
24412880
24412913
24414251
24414385
24428682
24448992
24458299
24506413
24531485
24531779
24532066
24532111
24532134
24532157
24532208
24532464
24539166
24577016
24577453
24577668
24577856
24577966
24582582
24590811
24708675
24710419
24726210
24745033
24859144
24860155
2486580
24913465
24913486
24945428
24946682
24947628
24947832
24948006
25009242
2506363
2507562
25099388
25101964
25101966
25123284
251339
25151624
25177907
25183884
25192339
251963
25198834
25205166
25210613
25219935
25233796
25234563
25262303
25263768
2528057
25281047
25282316
25289565
25307687
25327001
25335007
25339189
25340089
25340571
25346296
25353730
25354393
25357378
25364947
25367065
25370100
25370419
25375137
25376417
25389447
25390042
25409416
25410636
25427977
25430683
25434199
25457319
25460226
25463350
25468930
25474053
25484816
25485605
25503657
25510429
25511085
25516386
2553234
25549723
25552587
25555624
25564642
25566651
25573840
25574334
25576130
25587717
25588913
25592912
25602976
25612573
25614245
2562807
25631739
25631753
25641909
25644626
25650673
25653799
25662803
25669816
25678591
25690792
25694095
25694360
25695302
25695848
25697436
25699421
25701095
25701326
25715933
25733952
25735485
25736934
25740558
25751623
25754875
25761956
25766259
25777625
25777817
25777914
25778908
25779221
25786124
25792337
25792457
25796319
25798501
25799098
25803536
25809829
25810272
25819149
25819252
25841874
25843280
25843745
25844588
25849011
25849197
25849464
25851271
25853499
25853662
25856501
25858912
25861521
25862583
25862932
25867734
25871757
25873057
25885580
25886386
25896700
25898249
25899831
25900252
25900522
25936356
25936459
25939947
25944847
25952773
25976959
25983333
25985731
26004260
26021759
26030551
26032170
26042224
26042270
26042316
26042391
26054286
26069921
26070435
26072392
26081098
26114260
26114293
26114906
26127921
26127993
26130372
26132983
26141345
26143214
26147535
26151289
26151881
26152095
26155287
26159337
26161305
26166757
26168800
26172307
26173203
26175275
26180651
26180942
26181355
26181643
26181773
26181965
26182442
26184276
26196819
26198779
26198983
26199105
26199286
26199476
26209304
26215676
26216342
26226082
26233571
26234781
26237476
26239097
26239917
26240001
26249353
26249408
26249499
26249578
26249641
26249713
26249763
26249851
26249970
26250108
26259065
26265704
26266761
26268976
26298711
2630050
26301055
26301114
26304586
26309462
26318709
26321837
26324818
26325688
26327034
26327506
26331020
26332415
26334041
26338104
26339357
26340006
26348710
26350878
26351292
26351796
26352087
26352148
26353270
26353642
26354190
26361532
26361627
26362126
26365559
26367715
26372579
26373113
26375111
26380535
26381637
26382182
26382452
26387169
26390191
26390384
26391092
26391670
26394912
26395594
26398190
26399539
26400230
26400744
26401237
26401522
26402367
26404785
26406149
26406839
26407343
26407852
26407957
26409618
26411656
26413656
26413849
26415954
26417333
26419103
26421912
26426528
26428580
26429243
26430450
26430742
26431146
26432830
26434093
26434221
26435546
26436183
26436547
26437543
26439145
26439816
26443317
26443357
26443379
26443403
26443420
26443441
26443459
26443482
26443530
26443546
26443569
26443592
26443612
26443635
26443679
26443720
26443778
26443832
26443877
26443915
26443954
26443974
26444013
26444030
26444092
26444117
26444149
26444173
26444224
26444248
26444288
26444315
26444336
26444363
26444387
26444433
26444453
26444470
26444488
26444512
26444562
26444585
26444623
26444684
26444712
26444756
26444774
26444794
26444844
26444865
26444906
26444944
26444985
26445013
26445030
26445074
26445131
26445146
26445191
26445243
26445287
26445414
26445460
26445484
26445505
26445529
26445576
26445602
26445625
26445694
26445713
26445779
26445802
26445883
26445910
26445931
26445955
26445971
26445996
26446017
26446025
26446036
26446110
26446141
26446187
26446224
26446242
26446256
26446282
26446365
26446389
26446432
26446447
26446571
26446596
26446621
26446635
26446656
26446713
26446755
26446837
26446855
26446905
26446924
26446941
26446963
26446987
26447005
26447025
26447039
26447054
26447095
26447139
26447156
26447195
26447229
26447253
26447263
26447297
26447311
26447345
26447365
26447391
26447400
26447456
26447475
26447492
26447520
26447543
26447559
26447577
26447660
26447721
26447742
26447778
26447792
26447815
26447837
26447897
26447934
26447971
26447982
26448013
26448033
26448059
26448072
26448099
26448118
26448147
26448213
26448226
26448243
26448263
26448275
26448295
26448342
26448372
26448430
26448447
26448463
26448475
26448487
26448512
26448533
26448563
26448578
26448621
26448689
26448725
26448750
26448775
26448824
26448847
26448896
26448914
26448994
26449016
26449083
26449108
26449173
26449251
26449271
26449296
26449349
26449372
26449415
26449463
26449486
26449514
26449568
26449594
26449625
26449689
26449712
26449780
26449828
26449851
26449921
26449937
26449962
26450063
26450085
26450100
26450131
26450155
26450207
26450237
26450292
26450351
26450372
26450416
26450441
26450465
26450487
26450510
26450554
26450577
26450615
26450643
26450669
26450722
26450764
26450812
26450838
26450864
26450886
26450938
26450960
26451041
26451070
26451092
26451120
26451178
26451209
26451255
26451292
26451330
26451364
26451407
26451433
26451461
26451513
26451541
26451573
26451602
26451632
26451658
26451686
26451711
26451738
26451757
26451790
26451821
26451838
26451869
26451903
26451926
26452012
26452039
26452083
26452108
26452129
26452184
26452215
26452268
26452299
26452383
26452409
26452462
26452484
26452506
26452543
26452671
26452710
26452781
26452806
26452817
26452851
26452930
26452949
26452971
26452991
26453011
26453030
26453054
26453072
26453124
26453197
26453216
26453230
26453273
26453298
26453317
26453374
26453431
26453451
26453477
26453498
26453514
26453535
26453609
26453634
26453696
26453787
26453815
26453884
26453905
26453946
26453964
26454029
26454085
26454125
26454174
26454223
26454239
26454262
26454318
26454343
26454356
26454388
26454412
26454485
26454508
26454525
26454593
26454653
26454693
26454754
26454785
26454793
26454804
26454821
26454858
26454879
26454888
26454988
26455030
26455056
26455108
26455126
26455137
26455148
26455321
26455363
26455385
26455406
26455462
26455482
26455525
26455550
26455624
26458758
26459747
26460913
26463957
26465415
26465602
26466026
26469127
26474661
26476161
26476382
26476507
26476568
26480259
26481037
26487897
26489180
26496529
26497069
26500839
26500990
26501719
26502023
26502112
26505850
26508161
26508478
26511361
26511809
26512088
26512615
26513397
26514037
26514238
26514295
26514908
26516138
26517075
26518772
26519792
26520368
26520714
26523824
26524190
26524935
26525657
26526739
26527482
26527979
26530157
26530234
26530901
26532194
26534887
26536568
26537781
26540162
26542832
26543039
26543727
26544229
26544499
26544525
26544700
26544907
26546516
26547325
26549921
26551126
26555287
26555768
26556350
26557595
26557761
26558299
26558420
26559359
26559730
26560162
26560176
26560333
26560656
26561299
26562094
26562598
26562986
26563260
26563777
26563851
26564380
26566759
26567438
26569073
26570650
26570959
26573952
26573987
26577853
26578741
26578778
26578911
26578988
26579070
26579801
26580079
26580086
26580109
26580511
26580749
26582485
26583809
26584856
26585063
26585628
26585653
26586026
26587091
26587258
26589686
26590837
26590890
26592527
26593504
26594012
26595373
26595451
26596239
26596334
26596421
26596486
26596852
26597052
26597500
26598528
26600254
26601417
26602547
26602685
26604105
26606349
26607852
26608374
26611385
26612033
26612111
26612359
26614533
26615091
26616003
26616197
26616360
26616502
26617135
26618432
26618645
26618805
26620905
26621269
26621679
26624045
26625406
26625410
26625997
26626056
26631159
26631297
26631558
26632172
26633620
26633758
26635529
26635561
26635691
26637354
26637529
26638323
26641441
26641502
26641558
26641569
26641585
26641623
26641646
26641680
26642097
26642565
26645093
26645596
26645661
26645784
26648358
26648608
26649769
26650054
26650572
26650684
26651657
26652139
26654404
26656538
26656781
26656827
26658966
26660572
26661674
26662177
26662725
26662864
26663097
26663651
26663689
26663738
26664090
26665721
26667326
26667719
26667867
26668374
26668658
26668690
26668781
26669022
26669206
26669613
26669805
26670052
26670113
26670170
26670198
26670656
26671904
26672395
26672868
26677079
26677174
26677364
26677562
26677595
26678004
26678316
26678327
26678656
26679424
26679522
26679611
26679783
26680011
26680092
26680373
26680417
26680524
26680651
26680895
26680908
26681175
26681539
26681774
26682125
26682721
26684746
26684987
26685010
26685340
26686093
26686232
26686282
26686355
26686524
26686587
26687865
26688049
26688301
26688369
26688727
26688812
26688868
26689011
26689592
26690276
26690325
26690979
26691113
26691176
26691470
26691712
26691718
26692007
26692664
26692717
26693065
26693086
26693502
26693539
26693593
26693786
26693909
26694545
26695042
26695204
26695366
26695389
26696003
26696342
26696377
26696678
26696948
26697540
26698277
26698682
26699122
26699508
26699772
26700555
26700598
26701049
26701369
26701441
26701762
26701946
26702610
26703977
26704030
26704463
26704563
26704569
26704680
26704739
26704745
26704940
26704951
26705009
26705032
26705091
26705138
26705173
26706206
26706280
26706429
26706696
26707411
26707609
26707781
26707784
26707988
26708038
26708699
26708762
26709311
26709467
26709738
26710773
26710927
26711043
26711220
26711567
26711733
26711975
26712711
26713304
26714555
26715274
26715729
26716325
26717098
26717247
26718306
26718694
26718934
26719426
26719527
26719578
26719606
26719797
26720163
26720421
26720442
26721379
26721410
26721438
26721853
26722445
26723014
26723720
26723794
26724169
26724257
26725503
26725599
26725607
26725778
26726030
26726190
26726261
26726572
26726797
26726903
26727181
26727363
26727626
26728010
26728567
26728837
26728904
26729344
26729763
26730055
26731096
26731657
26731730
26731890
26731911
26732066
26732270
26732342
26732352
26733319
26733321
26733442
26733956
26734405
26734553
26734592
26734653
26734986
26735003
26735917
26736804
26737419
26737752
26737760
26737883
26738290
26738938
26739031
26739244
26739495
26739715
26739773
26739834
26740313
26740436
26740520
26740579
26740957
26741574
26741787
26742012
26743157
26743823
26743976
26744005
26744226
26744343
26744897
26745455
26746463
26746636
26747210
26747276
26747576
26747630
26747790
26747996
26748117
26748397
26748632
26749178
26749281
26749335
26749381
26749422
26749625
26749770
26749774
26750518
26751034
26751249
26751384
26751673
26752185
26752298
26752323
26752384
26752607
26752668
26753259
26753364
26753924
26753929
26754125
26754404
26754451
26754494
26754626
26754654
26754663
26755128
26755160
26755243
26755650
26755761
26755935
26756184
26756780
26757096
26757135
26757613
26758112
26758210
26759685
26759748
26759787
26759854
26759960
26759996
26760035
26760272
26760290
26760296
26760642
26760815
26760897
26760898
26760994
26761678
26761999
26762495
26762705
26763046
26763058
26763106
26763335
26763446
26763452
26763481
26763670
26763706
26763769
26764061
26764549
26764838
26765397
26765435
26765688
26766127
26766239
26766401
26766460
26766772
26767427
26767724
26767807
26767820
26767984
26768080
26768113
26768136
26768314
26768399
26768429
26768543
26768738
26769103
26769244
26769278
26769446
26769647
26769807
26770180
26770501
26770552
26770619
26770974
26771040
26771116
26771179
26771633
26771785
26771901
26771972
26772110
26772182
26772414
26772867
26772910
26773448
26773632
26774188
26774382
26774621
26775206
26775349
26775549
26775594
26775664
26775768
26775966
26776005
26776161
26776233
26776365
26776593
26776629
26776647
26776714
26776873
26777070
26777472
26777799
26777822
26778045
26778194
26778334
26778338
26778782
26778892
26779063
26779129
26779187
26779365
26779729
26779766
26780303
26780439
26780820
26780839
26781100
26781150
26781154
26781163
26781168
26782340
26782617
26782640
26782797
26782852
26783342
26783517
26784301
26785018
26785113
26785226
26785474
26785704
26785731
26785767
26786053
26786072
26786209
26786757
26786826
26786882
26786960
26786969
26787034
26787079
26787294
26787332
26787418
26787590
26787714
26787973
26788392
26788469
26788872
26789026
26789649
26789823
26790206
26790324
26790454
26790541
26790553
26790751
26791148
26791441
26792214
26792387
26792471
26792683
26792858
26793280
26793363
26793793
26794067
26794162
26794489
26794567
26794837
26794920
26794922
26794994
26795187
26795199
26795204
26795507
26795601
26796015
26796219
26796502
26796752
26796910
26797319
26797421
26797479
26798221
26798288
26798482
26798515
26798676
26798702
26798925
26799432
26799490
26799602
26799715
26799880
26799996
26800019
26800218
26800246
26800271
26800320
26800504
26800747
26800959
26801552
26801633
26801857
26802546
26803097
26803420
26803439
26803537
26803608
26803657
26803721
26803795
26803816
26804096
26804183
26804520
26804542
26804762
26804810
26804997
26805156
26805534
26805619
26805987
26806173
26806813
26807051
26807153
26807397
26807882
26808160
26808246
26808485
26808969
26809007
26809062
26809622
26809635
26809854
26810168
26810206
26810283
26810331
26810662
26810909
26811311
26811376
26811615
26811819
26811897
26811912
26812164
26812637
26813280
26813611
26813693
26813750
26813778
26813799
26813836
26813857
26813891
26814012
26814028
26814171
26814847
26815210
26815599
26815756
26815799
26815889
26815920
26816065
26816187
26816238
26816452
26816586
26816600
26816941
26817202
26817300
26817445
26817662
26818031
26818244
26818412
26818416
26818557
26818607
26819041
26819178
26819307
26819797
26820273
26820345
26820995
26821294
26821457
26821770
26821780
26822015
26822124
26822153
26822159
26822277
26822387
26822403
26822553
26822567
26823238
26823338
26823507
26823646
26823959
26824141
26824159
26824342
26826224
26826259
26826610
26827548
26827577
26827780
26828073
26828448
26828721
26828770
26828790
26828902
26829229
26829372
26829381
26829410
26829602
26829649
26829752
26829760
26829916
26830492
26830642
26830739
26830751
26831179
26831301
26831481
26831637
26831742
26831805
26832423
26832586
26832727
26832896
26833065
26833164
26833193
26833212
26833576
26833579
26833609
26833656
26834194
26834364
26834422
26834469
26834559
26834862
26835174
26835219
26835264
26835390
26835665
26835900
26836244
26836576
26836624
26836722
26836857
26836876
26836903
26837553
26837770
26837807
26838090
26838339
26838451
26838623
26838978
26839129
26839252
26839332
26839541
26839630
26839855
26839881
26839895
26840071
26840090
26840641
26840800
26840828
26840990
26841864
26841869
26842008
26842015
26842100
26842244
26842422
26842525
26842574
26843204
26843382
26843478
26843668
26843818
26844246
26844418
26844811
26844842
26844961
26845496
26845793
26845799
26845988
26846007
26846018
26846060
26846091
26846286
26846609
26847258
26847423
26847490
26847618
26847918
26848164
26848258
26848580
26848591
26848785
26848818
26848927
26848929
26849081
26849109
26849173
26849186
26849255
26849467
26849525
26849824
26849853
26849921
26850017
26850082
26850144
26850172
26850250
26850568
26850632
26850981
26851063
26851415
26851426
26851431
26851472
26851594
26851672
26851805
26851940
26851961
26851964
26852276
26852408
26852451
26852660
26852727
26852737
26853030
26853121
26853142
26853191
26853235
26853364
26853386
26853587
26853634
26853933
26853947
26853971
26854207
26854312
26854526
26854640
26854652
26854679
26855257
26855301
26855306
26855484
26855487
26855622
26855701
26855731
26855825
26856171
26856271
26856329
26856382
26856390
26856468
26856485
26856539
26857516
26857602
26857663
26857791
26857860
26858104
26858327
26858518
26858785
26858931
26858979
26859209
26859285
26859378
26859452
26859890
26860173
26860469
26860520
26860946
26861227
26861412
26861540
26861751
26862025
26862033
26862065
26862067
26862228
26862256
26862347
26862482
26862497
26862499
26862504
26862506
26862507
26862520
26862543
26862549
26862610
26862680
26862891
26862897
26862955
26863220
26863561
26863735
26863853
26863987
26864064
26864088
26864094
26864110
26864303
26864342
26864399
26864449
26864571
26864619
26864745
26864803
26864974
26865089
26865141
26865378
26865489
26865603
26865614
26865622
26865632
26865639
26865693
26866245
26866277
26866416
26866516
26866606
26866651
26866776
26866869
26866937
26866959
26867029
26867148
26867165
26867425
26867593
26867841
26868117
26868306
26868421
26868439
26868448
26868601
26868649
26868663
26868769
26868789
26868854
26868902
26868914
26869027
26869074
26869099
26869110
26869130
26869204
26869477
26869479
26869490
26869511
26869555
26869605
26869640
26869674
26869676
26869773
26869819
26869961
26870051
26870145
26870282
26870317
26870397
26870670
26870796
26870840
26870912
26871025
26871084
26871165
26871267
26871354
26871433
26871497
26871508
26871633
26871639
26871733
26871880
26872048
26872095
26872172
26872310
26872403
26872576
26872779
26873144
26873447
26873590
26873898
26874077
26874141
26874266
26874301
26874335
26874572
26874920
26875185
26875339
26875378
26875404
26875451
26875606
26875726
26875892
26875909
26876143
26876414
26876573
26877016
26877084
26877221
26877948
26877953
26878036
26878267
26878371
26878898
26878953
26879033
26879200
26879244
26879268
26879401
26879515
26879566
26879707
26879953
26880233
26880291
26880294
26880336
26880470
26880486
26880621
26880763
26880955
26880998
26881131
26881381
26881403
26881478
26881656
26882052
26882130
26882274
26882369
26882555
26882563
26882688
26882694
26882758
26882800
26882971
26883175
26883204
26883415
26883416
26883470
26883551
26883650
26883736
26883786
26883824
26883838
26883929
26883939
26884291
26884321
26884461
26884504
26884547
26884712
26884733
26884745
26884907
26884928
26884964
26884976
26885023
26885103
26885181
26885287
26885321
26885378
26885913
26885926
26885929
26885991
26886116
26886382
26886580
26886592
26886659
26886867
26886886
26887023
26887056
26887088
26887165
26887227
26887310
26887338
26887381
26887490
26887545
26887654
26887672
26887749
26887817
26887967
26888083
26888104
26888227
26888371
26888628
26889072
26889087
26889284
26889382
26889455
26889471
26889587
26889676
26889730
26889812
26890226
26890395
26890452
26890485
26890517
26890598
26890624
26890817
26890879
26891081
26891092
26891359
26891596
26891624
26891736
26891938
26892029
26892084
26892120
26892219
26892386
26892396
26892406
26892507
26892571
26892579
26892600
26892647
26892656
26892718
26892810
26892865
26892971
26893093
26893197
26893200
26893296
26893400
26893483
26893705
26893767
26893793
26893796
26893839
26893901
26893923
26894084
26894086
26894148
26894197
26894234
26894242
26894300
26894308
26894357
26894542
26894596
26894636
26894760
26894778
26894910
26895010
26895070
26895123
26895213
26895298
26895446
26895449
26895707
26895784
26895868
26895942
26896057
26896092
26896330
26896415
26896672
26896698
26896780
26897017
26897041
26897083
26897160
26897344
26897381
26897456
26897460
26897501
26897550
26897590
26897819
26898006
26898038
26898048
26898085
26898241
26898412
26898479
26898480
26898757
26898910
26899001
26899040
26899082
26899221
26899554
26899639
26899675
26899817
26899851
26899898
26900004
26900005
26900177
26900264
26900311
26900366
26900378
26900438
26900548
26900674
26900814
26900827
26900833
26900851
26900925
26900981
26900987
26901006
26901218
26901329
26901341
26901350
26901438
26901440
26901831
26901892
26901963
26901996
26902028
26902033
26902087
26902091
26902132
26902166
26902167
26902523
26902583
26902601
26902617
26902656
26902679
26902772
26902798
26902809
26902814
26902858
26902879
26903341
26903408
26903445
26903453
26903456
26903523
26903530
26903547
26903557
26903588
26903608
26903668
26903786
26903926
26903986
26904400
26904517
26904529
26904558
26904618
26904722
26904774
26904848
26904880
26904988
26905268
26905433
26905492
26905504
26905530
26905578
26905693
26905818
26905836
26905845
26905850
26906013
26906093
26906175
26906529
26906558
26906673
26906700
26906984
26907003
26907141
26907240
26907570
26907982
26907984
26908018
26908610
26908622
26908805
26908865
26909077
26909140
26909165
26909311
26909313
26909376
26909521
26909979
26910095
26910166
26910186
26910189
26910332
26910353
26910354
26910362
26910389
26910424
26910441
26910527
26910813
26910913
26911052
26911070
26911374
26911453
26911486
26911627
26911680
26911698
26911759
26911771
26911792
26911827
26911887
26911929
26911934
26911985
26912014
26912042
26912075
26912127
26912177
26912262
26912281
26912411
26912421
26912523
26912683
26912693
26912728
26912739
26912755
26912771
26912786
26912815
26912847
26912885
26912888
26912913
26912985
26913005
26913055
26913263
26913379
26913432
26913459
26913567
26913680
26913684
26913762
26913778
26913781
26913956
26914091
26914182
26914288
26914294
26914321
26914351
26914814
26915073
26915127
26915273
26915295
26915357
26915373
26915449
26915571
26915677
26915764
26915774
26915838
26915869
26915922
26916130
26916152
26916358
26916364
26916427
26916571
26916686
26916724
26916955
26916986
26917065
26917087
26917105
26917165
26917290
26917315
26917455
26917464
26917769
26917844
26917847
26917957
26918019
26918189
26918232
26918236
26918323
26918347
26918364
26918375
26918399
26918442
26918500
26918507
26918586
26918622
26918630
26918658
26918688
26918722
26918748
26918772
26918846
26918899
26918950
26918958
26918966
26919010
26919079
26919097
26919238
26919270
26919283
26919323
26919381
26919382
26919654
26919851
26919874
26920154
26920210
26920559
26920619
26920670
26920676
26920700
26920864
26921007
26921071
26921151
26921225
26921259
26921391
26921413
26921428
26921482
26921506
26921528
26921550
26921566
26921598
26921625
26921626
26921991
26922024
26922125
26922161
26922184
26922416
26922458
26922488
26922555
26922594
26922654
26922767
26922841
26922861
26922990
26923225
26923436
26923486
26923566
26923725
26923729
26923757
26923806
26923863
26923884
26923908
26923915
26924047
26924116
26924159
26924174
26924181
26924192
26924332
26924473
26924486
26924506
26924556
26924618
26924760
26924790
26924791
26924793
26924851
26924867
26924921
26924968
26925016
26925125
26925262
26925286
26925293
26925385
26925446
26925532
26925543
26925551
26925647
26926019
26926055
26926168
26926245
26926283
26926336
26926342
26926476
26926635
26926643
26926672
26926689
26926824
26926912
26926927
26927085
26927130
26927141
26927251
26927466
26927541
26927568
26927773
26927883
26928190
26928255
26928399
26928409
26928485
26928540
26928598
26928672
26928748
26928775
26928894
26928998
26929071
26929109
26929253
26929347
26929364
26929378
26929507
26929508
26929583
26929826
26929830
26929847
26929874
26929876
26929898
26929962
26930005
26930045
26930304
26930660
26930669
26930747
26930797
26930953
26930995
26930997
26931020
26931106
26931219
26931310
26931376
26931410
26931457
26931499
26931802
26931834
26931850
26931938
26931951
26931989
26931991
26932062
26932172
26932179
26932200
26932207
26932301
26932411
26932483
26932508
26932577
26932611
26932634
26932757
26932786
26932793
26932808
26932809
26932828
26932853
26933015
26933125
26933129
26933187
26933243
26933277
26933302
26933312
26933328
26933378
26933411
26933425
26933506
26933522
26933554
26933603
26933701
26933805
26933829
26933831
26933832
26934032
26934123
26934323
26934357
26934387
26934389
26934416
26934459
26934708
26934718
26934773
26934962
26934986
26934993
26935001
26935063
26935089
26935141
26935177
26935430
26935568
26935643
26935831
26935871
26936063
26936173
26936582
26936630
26936644
26936774
26936917
26936937
26937057
26937091
26937141
26937200
26937219
26937290
26937496
26937498
26937514
26937540
26937558
26937700
26937706
26937839
26937843
26937847
26937946
26937960
26938023
26938060
26938063
26938077
26938189
26938197
26938231
26938299
26938313
26938341
26938387
26938609
26938689
26938693
26938717
26938802
26938834
26938868
26938966
26939029
26939054
26939098
26939189
26939320
26939337
26939362
26939411
26939642
26939656
26939749
26939809
26939811
26940023
26940165
26940173
26940404
26940419
26940506
26940568
26940583
26940637
26940642
26940643
26940654
26940713
26940746
26940800
26940805
26940956
26940958
26940996
26940998
26941058
26941066
26941112
26941248
26941294
26941366
26941437
26941466
26941707
26941870
26941888
26942017
26942110
26942153
26942205
26942253
26942264
26942328
26942383
26942430
26942509
26942576
26942599
26942719
26942740
26942800
26942837
26942869
26942881
26942892
26943092
26943133
26943219
26943273
26943284
26943319
26943412
26943465
26943595
26943857
26943899
26943977
26944189
26944217
26944253
26944289
26944350
26944354
26944456
26944488
26944505
26944632
26944637
26944653
26944753
26944816
26944823
26944857
26944871
26944876
26944883
26944898
26944901
26944905
26944906
26944992
26945010
26945129
26945135
26945136
26945149
26945153
26945163
26945179
26945212
26945280
26945396
26945420
26945508
26945534
26945542
26945543
26945557
26945559
26945572
26945577
26945586
26945802
26945876
26945897
26946044
26946152
26946158
26946174
26946261
26946276
26946344
26946631
26946642
26946664
26946734
26946752
26946771
26946806
26946936
26946954
26946956
26947025
26947058
26947088
26947127
26947143
26947204
26947234
26947257
26947282
26947338
26947425
26947452
26947475
26947553
26947601
26947874
26947886
26947903
26947949
26947960
26948051
26948068
26948077
26948118
26948229
26948331
26948422
26948465
26948469
26948701
26948718
26948829
26948837
26948920
26949029
26949036
26949048
26949068
26949093
26949143
26949397
26949429
26949486
26949644
26949703
26949785
26949930
26949991
26950005
26950068
26950094
26950331
26950472
26950624
26950643
26950770
26950830
26950842
26950866
26951075
26951251
26951284
26951534
26951756
26951789
26951809
26951869
26951886
26951939
26952003
26952021
26952110
26952294
26952539
26952556
26952625
26952627
26952762
26952833
26952845
26952900
26953004
26953034
26953055
26953110
26953128
26953221
26953232
26953331
26953368
26953456
26953471
26953517
26953543
26953559
26953734
26953885
26953918
26954001
26954038
26954169
26954202
26954369
26954460
26954465
26954497
26954549
26954550
26954762
26954810
26954843
26954886
26954897
26954979
26954995
26955104
26955139
26955140
26955219
26955239
26955313
26955391
26955674
26955977
26956138
26956187
26956241
26956254
26956315
26956453
26956527
26956552
26956761
26956779
26956854
26956883
26956887
26956914
26956915
26957017
26957021
26957156
26957162
26957185
26957190
26957206
26957300
26957301
26957313
26957355
26957371
26957373
26957383
26957405
26957432
26957461
26957529
26957677
26957712
26957833
26958076
26958130
26958143
26958282
26958409
26958425
26958559
26958612
26958777
26958979
26959032
26959089
26959128
26959144
26959174
26959196
26959266
26959291
26959390
26959521
26959632
26959834
26959937
26959986
26960015
26960359
26960424
26960448
26960505
26960530
26960577
26960610
26960619
26960765
26960846
26960898
26960899
26960963
26961000
26961010
26961196
26961306
26961331
26961350
26961410
26961435
26961475
26961515
26961568
26961570
26961608
26961679
26961704
26961753
26961756
26961765
26961825
26961833
26961847
26961861
26961972
26962010
26962064
26962128
26962145
26962246
26962299
26962732
26962842
26962851
26962878
26962895
26962927
26962986
26963072
26963138
26963194
26963261
26963337
26963342
26963389
26963508
26963516
26963609
26963623
26963697
26963713
26963747
26963807
26963866
26963875
26963886
26963935
26964020
26964066
26964131
26964224
26964337
26964363
26964377
26964421
26964463
26964465
26964490
26964547
26964685
26964769
26964786
26964792
26964829
26964880
26965018
26965048
26965087
26965185
26965350
26965468
26965493
26965501
26965569
26965627
26965700
26965710
26965727
26965855
26965923
26965943
26965979
26966032
26966123
26966135
26966173
26966247
26966333
26966355
26966371
26966372
26966453
26966508
26966566
26966587
26966599
26966611
26966622
26966678
26966701
26966718
26966777
26966832
26966854
26966899
26966905
26966972
26967018
26967134
26967163
26967170
26967218
26967246
26967325
26967351
26967445
26967496
26967535
26967598
26967622
26967723
26967789
26967798
26968064
26968090
26968094
26968109
26968129
26968193
26968199
26968237
26968537
26968585
26968591
26968772
26968847
26968962
26969033
26969248
26969319
26969320
26969353
26969357
26969424
26969430
26969509
26969552
26969688
26969690
26969704
26969753
26969900
26969972
26969980
26970026
26970082
26970202
26970265
26970278
26970373
26970391
26970397
26970497
26970574
26970579
26970586
26970608
26970698
26970709
26970758
26970778
26970794
26971057
26971089
26971211
26971246
26971313
26971318
26971422
26971458
26971628
26971882
26971961
26972026
26972038
26972103
26972148
26972151
26972195
26972253
26972257
26972294
26972329
26972371
26972414
26972459
26972570
26972663
26972677
26972909
26972913
26972941
26973001
26973045
26973099
26973123
26973124
26973126
26973131
26973250
26973252
26973338
26973444
26973492
26973540
26973578
26973644
26973702
26973791
26973796
26973817
26973819
26973833
26974037
26974124
26974166
26974221
26974444
26974570
26974666
26974715
26974831
26974901
26974968
26974976
26975008
26975118
26975122
26975154
26975171
26975239
26975402
26975523
26975611
26975625
26975726
26975746
26975967
26975983
26975990
26975999
26976036
26976154
26976161
26976362
26976449
26976500
26976595
26976608
26976738
26976754
26976806
26976849
26977037
26977116
26977224
26977329
26977395
26977400
26977469
26977594
26977629
26977649
26977740
26977796
26977823
26977901
26977925
26977927
26978142
26978184
26978209
26978279
26978316
26978407
26978452
26978462
26978508
26978523
26978586
26978605
26978612
26978617
26978725
26978764
26978852
26978868
26978892
26978912
26978939
26978977
26979031
26979067
26979201
26979410
26979434
26979460
26979485
26979519
26979546
26979773
26979831
26979866
26979939
26980114
26980163
26980281
26980327
26980355
26980359
26980377
26980389
26980553
26980699
26980825
26980910
26981075
26981088
26981219
26981282
26981331
26981393
26981427
26981547
26981655
26981674
26981775
26981804
26981821
26982009
26982257
26982338
26982372
26982426
26982533
26982538
26982557
26982607
26982614
26982625
26982658
26982679
26982708
26982897
26982944
26982993
26983020
26983261
26983294
26983304
26983316
26983431
26983591
26983657
26983685
26983688
26983879
26983956
26983967
26983978
26983987
26984158
26984216
26984290
26984343
26984402
26984485
26984546
26984568
26984670
26984680
26984712
26984772
26984856
26985015
26985179
26985283
26985323
26985462
26985530
26985541
26985551
26985615
26985726
26985864
26985938
26986071
26986103
26986117
26986126
26986161
26986330
26986345
26986434
26986442
26986527
26986612
26986635
26986682
26986733
26986791
26986803
26986865
26986937
26987005
26987023
26987060
26987080
26987109
26987120
26987126
26987297
26987306
26987423
26987443
26987478
26987520
26987541
26987565
26987606
26987636
26987681
26987683
26987707
26987796
26987813
26987826
26987992
26988029
26988054
26988135
26988179
26988195
26988255
26988280
26988557
26988581
26988648
26988675
26988680
26988734
26988805
26988832
26988882
26988947
26988962
26989017
26989021
26989031
26989074
26989250
26989300
26989324
26989331
26989332
26989365
26989392
26989395
26989401
26989491
26989549
26989726
26989796
26989855
26989900
26989914
26989924
26989984
26990071
26990474
26990500
26990613
26990655
26990684
26990702
26990784
26990888
26990892
26990954
26990967
26990973
26991102
26991265
26991467
26991514
26991538
26991610
26991679
26991734
26991761
26991805
26991934
26991992
26992136
26992178
26992359
26992380
26992392
26992410
26992583
26992592
26992640
26992649
26992704
26993005
26993084
26993086
26993110
26993155
26993174
26993188
26993214
26993274
26993286
26993441
26993516
26993581
26993593
26993596
26993625
26993678
26993809
26993846
26993856
26993882
26993888
26993901
26993914
26993927
26993972
26994006
26994071
26994080
26994082
26994086
26994173
26994258
26994449
26994547
26994697
26994765
26994766
26994810
26994848
26994862
26994902
26994917
26994931
26994938
26994944
26994947
26994981
26994990
26995077
26995220
26995288
26995344
26995373
26995375
26995486
26995526
26995542
26995553
26995592
26995594
26995756
26995837
26995871
26996009
26996021
26996052
26996062
26996065
26996066
26996072
26996210
26996247
26996266
26996363
26996452
26996668
26996702
26996748
26996791
26996865
26996867
26996884
26996917
26996926
26996986
26996993
26997087
26997129
26997165
26997192
26997215
26997231
26997248
26997274
26997331
26997354
26997428
26997558
26997595
26997600
26997769
26997770
26997842
26997850
26997894
26997899
26997932
26997946
26997970
26998056
26998131
26998178
26998217
26998261
26998298
26998323
26998381
26998410
26998469
26998486
26998560
26998612
26998670
26998673
26998697
26998705
26998723
26998726
26998738
26998739
26998778
26998793
26998796
26998875
26998960
26998972
26998982
26998991
26999024
26999083
26999225
26999281
26999306
26999309
26999321
26999355
26999500
26999524
26999593
26999613
26999765
26999776
26999790
26999847
26999935
27000033
27000091
27000110
27000123
27000244
27000288
27000290
27000356
27000359
27000371
27000376
27000402
27000546
27000570
27000583
27000659
27000757
27000791
27000875
27001051
27001057
27001062
27001097
27001129
27001178
27001216
27001259
27001303
27001322
27001419
27001458
27001524
27001667
27001694
27001873
27001889
27001993
27002002
27002015
27002123
27002170
27002208
27002382
27002450
27002494
27002522
27002528
27002580
27002703
27002894
27002994
27003028
27003029
27003035
27003053
27003188
27003265
27003524
27003533
27003546
27003549
27003619
27003620
27003673
27003688
27003745
27003781
27003804
27003818
27003952
27003972
27004049
27004076
27004089
27004170
27004232
27004260
27004271
27004401
27004418
27004428
27004542
27004579
27004592
27004732
27004736
27004748
27004775
27004901
27004903
27004938
27004939
27004940
27004997
27005016
27005020
27005051
27005137
27005152
27005158
27005192
27005336
27005369
27005446
27005472
27005548
27005591
27005653
27005683
27005700
27005706
27005782
27005859
27005861
27005920
27005977
27005980
27005995
27006151
27006163
27006165
27006178
27006181
27006215
27006257
27006298
27006312
27006313
27006371
27006382
27006415
27006587
27006611
27006657
27006670
27006695
27006718
27006838
27006866
27006935
27006947
27007085
27007129
27007143
27007147
27007162
27007202
27007251
27007276
27007301
27007341
27007404
27007449
27007493
27007520
27007716
27007728
27007766
27007774
27007781
27007937
27007952
27008036
27008051
27008188
27008283
27008306
27008319
27008343
27008397
27008440
27008523
27008539
27008702
27008746
27008747
27008766
27008854
27008879
27008902
27008938
27009000
27009200
27009201
27009235
27009238
27009249
27009256
27009278
27009299
27009454
27009499
27009501
27009512
27009517
27009519
27009558
27009617
27009823
27009826
27009849
27009856
27009877
27009895
27009993
27010028
27010103
27010136
27010141
27010153
27010171
27010204
27010205
27010337
27010386
27010398
27010419
27010457
27010463
27010572
27010586
27010634
27010635
27010654
27010684
27010750
27010751
27010786
27010898
27010933
27010971
27011068
27011129
27011176
27011210
27011237
27011252
27011253
27011386
27011400
27011414
27011437
27011449
27011593
27011635
27011780
27011976
27011994
27012006
27012031
27012081
27012092
27012219
27012226
27012232
27012254
27012331
27012359
27012462
27012503
27012546
27012553
27012577
27012603
27012630
27012718
27012786
27012891
27012921
27012922
27012969
27013025
27013047
27013069
27013081
27013100
27013102
27013103
27013108
27013115
27013122
27013143
27013167
27013185
27013209
27013219
27013233
27013258
27013280
27013312
27013322
27013339
27013341
27013361
27013364
27013390
27013397
27013407
27013430
27013443
27013446
27013451
27013482
27013570
27013639
27013665
27013683
27013734
27013793
27014022
27014044
27014089
27014092
27014168
27014232
27014291
27014293
27014294
27014326
27014372
27014425
27014435
27014444
27014487
27014496
27014567
27014572
27014604
27014663
27014671
27014686
27014693
27014696
27014789
27014878
27014925
27014946
27015055
27015057
27015061
27015067
27015068
27015103
27015105
27015121
27015143
27015190
27015236
27015266
27015393
27015441
27015543
27015551
27015589
27015621
27015629
27015650
27015693
27015867
27015875
27015906
27016074
27016083
27016120
27016125
27016189
27016255
27016317
27016353
27016408
27016438
27016441
27016459
27016483
27016532
27016534
27016565
27016628
27016631
27016638
27016689
27016722
27016746
27016806
27016813
27016819
27016827
27016887
27016924
27016930
27016985
27017005
27017023
27017038
27017046
27017106
27017113
27017170
27017192
27017242
27017263
27017289
27017365
27017374
27017445
27017458
27017501
27017505
27017511
27017540
27017555
27017565
27017646
27017728
27017840
27017876
27017884
27017967
27017973
27017975
27018006
27018008
27018020
27018052
27018081
27018132
27018150
27018189
27018201
27018209
27018257
27018278
27018329
27018338
27018347
27018391
27018449
27018450
27018512
27018602
27018666
27018783
27018829
27018831
27018836
27018849
27018854
27018914
27018984
27018989
27018993
27019020
27019056
27019062
27019065
27019111
27019185
27019204
27019209
27019217
27019223
27019228
27019265
27019275
27019290
27019298
27019361
27019446
27019451
27019455
27019494
27019509
27019522
27019572
27019579
27019594
27019638
27019658
27019666
27019683
27019730
27019814
27019832
27019894
27019992
27020002
27020112
27020127
27020138
27020174
27020189
27020190
27020224
27020277
27020345
27020407
27020408
27020412
27020424
27020490
27020539
27020549
27020632
27020648
27020660
27020839
27020846
27020906
27020961
27020965
27020972
27021027
27021178
27021204
27021247
27021260
27021275
27021313
27021390
27021457
27021468
27021484
27021487
27021537
27021603
27021628
27021655
27021661
27021695
27021744
27021792
27021837
27021914
27021979
27022000
27022028
27022047
27022119
27022120
27022149
27022221
27022228
27022274
27022279
27022287
27022310
27022375
27022389
27022533
27022545
27022591
27022776
27022811
27022865
27022950
27023015
27023027
27023030
27023042
27023108
27023150
27023213
27023347
27023348
27023349
27023353
27023372
27023382
27023383
27023387
27023390
27023400
27023441
27023442
27023502
27023514
27023515
27023617
27023666
27023774
27023778
27023799
27023821
27023822
27023823
27023848
27023874
27023888
27023900
27023914
27023956
27023993
27024053
27024056
27024062
27024080
27024105
27024182
27024234
27024242
27024266
27024311
27024357
27024365
27024414
27024416
27024495
27024541
27024553
27024673
27024677
27024706
27024773
27024828
27024840
27024948
27025037
27025063
27025095
27025159
27025266
27025297
27025319
27025352
27025369
27025373
27025374
27025396
27025407
27025463
27025525
27025623
27025681
27025695
27025697
27025760
27025783
27025805
27025811
27025841
27025867
27025903
27025905
27025948
27025956
27025989
27025997
27026030
27026107
27026109
27026186
27026206
27026234
27026241
27026266
27026333
27026338
27026365
27026367
27026375
27026396
27026409
27026412
27026457
27026479
27026508
27026510
27026536
27026586
27026595
27026604
27026613
27026622
27026627
27026662
27026691
27026707
27026786
27026795
27026797
27026854
27026855
27026901
27026949
27026952
27026956
27026981
27026991
27026995
27027028
27027053
27027089
27027173
27027175
27027203
27027244
27027340
27027357
27027393
27027399
27027410
27027503
27027569
27027576
27027629
27027638
27027641
27027647
27027660
27027687
27027690
27027713
27027729
27027736
27027748
27027814
27027817
27027820
27027833
27027851
27027869
27027874
27027875
27027876
27027881
27027884
27027894
27027936
27028017
27028119
27028129
27028134
27028138
27028188
27028232
27028259
27028306
27028337
27028338
27028369
27028450
27028487
27028506
27028527
27028567
27028577
27028592
27028636
27028653
27028665
27028689
27028737
27028749
27028776
27028786
27028793
27028815
27028838
27028868
27028915
27028961
27029061
27029087
27029125
27029142
27029181
27029192
27029208
27029245
27029259
27029262
27029325
27029335
27029341
27029350
27029369
27029440
27029482
27029485
27029496
27029511
27029517
27029557
27029566
27029577
27029581
27029608
27029711
27029838
27029841
27029858
27029864
27029879
27029907
27029912
27029960
27029986
27030001
27030022
27030094
27030102
27030106
27030125
27030136
27030156
27030175
27030176
27030181
27030184
27030185
27030187
27030194
27030206
27030228
27030243
27030260
27030304
27030343
27030364
27030393
27030504
27030518
27030539
27030541
27030548
27030565
27030596
27030603
27030614
27030631
27030679
27030706
27030768
27030860
27030868
27030879
27030895
27030914
27030964
27030966
27030987
27031032
27031083
27031086
27031103
27031141
27031153
27031157
27031170
27031192
27031196
27031205
27031209
27031217
27031258
27031278
27031309
27031356
27031386
27031394
27031409
27031473
27031521
27031530
27031589
27031616
27031678
27031716
27031732
27031781
27031808
27031844
27031859
27031915
27031930
27031965
27031979
27031993
27032031
27032034
27032072
27032088
27032108
27032111
27032115
27032140
27032184
27032268
27032302
27032303
27032305
27032315
27032364
27032414
27032462
27032471
27032524
27032580
27032612
27032627
27032704
27032787
27032796
27032823
27032879
27032894
27032965
27032994
27033002
27033033
27033078
27033081
27033118
27033119
27033152
27033189
27033195
27033200
27033214
27033329
27033362
27033370
27033376
27033389
27033406
27033415
27033421
27033429
27033430
27033448
27033460
27033481
27033543
27033556
27033614
27033654
27033688
27033694
27033700
27033706
27033709
27033741
27033744
27033756
27033766
27033797
27033849
27033857
27033871
27033884
27033915
27033983
27034015
27034035
27034040
27034079
27034152
27034158
27034203
27034225
27034244
27034258
27034342
27034378
27034432
27034433
27034451
27034471
27034479
27034490
27034498
27034503
27034524
27034534
27034549
27034582
27034625
27034642
27034670
27034685
27034718
27034752
27034756
27034783
27034818
27034836
27034874
27034877
27034891
27034904
27034956
27034972
27035037
27035049
27035053
27035064
27035103
27035143
27035162
27035205
27035232
27035308
27035319
27035335
27035338
27035345
27035429
27035446
27035455
27035473
27035477
27035559
27035584
27035597
27035649
27035670
27035684
27035699
27035796
27035809
27035827
27035838
27035845
27035866
27035908
27035924
27035927
27036044
27036049
27036054
27036127
27036186
27036193
27036196
27036225
27036258
27036266
27036286
27036309
27036342
27036386
27036389
27036452
27036484
27036498
27036506
27036507
27036577
27036601
27036620
27036623
27036639
27036665
27036677
27036679
27036687
27036709
27036744
27036768
27036809
27036811
27036822
27036823
27036825
27036826
27036865
27036882
27036883
27036886
27036891
27036895
27036915
27036924
27036972
27036989
27037051
27037063
27037099
27037162
27037166
27037182
27037207
27037292
27037296
27037311
27037345
27037379
27037392
27037411
27037514
27037517
27037570
27037580
27037608
27037618
27037650
27037674
27037680
27037700
27037711
27037712
27037742
27037754
27037758
27037759
27037795
27037888
27037897
27037898
27037902
27037929
27037932
27037960
27037967
27037985
27038028
27038047
27038104
27038121
27038124
27038168
27038177
27038181
27038199
27038203
27038208
27038216
27038222
27038248
27038263
27038296
27038330
27038339
27038343
27038374
27038409
27038428
27038441
27038455
27038496
27038507
27038509
27038524
27038526
27038532
27038541
27038570
27038577
27038582
27038615
27038616
27038627
27038652
27038672
27038675
27038740
27038756
27038868
27038915
27038918
27038935
27038979
27038993
27039030
27039068
27039073
27039095
27039111
27039132
27039133
27039147
27039162
27039183
27039189
27039195
27039203
27039205
27039337
27039384
27039395
27039399
27039407
27039411
27039461
27039486
27039538
27039541
27039563
27039571
27039593
27039608
27039618
27039649
27039655
27039672
27039677
27039785
27039796
27039803
27039831
27039862
27039913
27039947
27039956
27040060
27040066
27040072
27040090
27040157
27040185
27040208
27040256
27040260
27040265
27040274
27040292
27040325
27040350
27040386
27040396
27040431
27040453
27040455
27040488
27040511
27040527
27040556
27040558
27040566
27040594
27040625
27040717
27040750
27040792
27040843
27040858
27040913
27040915
27040981
27041020
27041054
27041086
27041100
27041111
27041115
27041128
27041177
27041233
27041241
27041267
27041276
27041299
27041313
27041319
27041336
27041344
27041382
27041390
27041407
27041446
27041498
27041518
27041573
27041628
27041654
27041677
27041703
27041717
27041752
27041774
27041777
27041782
27041788
27041809
27041833
27041846
27041848
27041868
27041905
27041947
27042005
27042071
27042097
27042129
27042133
27042175
27042188
27042194
27042235
27042246
27042273
27042280
27042313
27042338
27042358
27042398
27042402
27042435
27042438
27042507
27042520
27042524
27042558
27042575
27042633
27042654
27042689
27042733
27042791
27042813
27042845
27042868
27042888
27042940
27042958
27042971
27043074
27043099
27043104
27043109
27043117
27043188
27043193
27043203
27043262
27043265
27043295
27043317
27043385
27043425
27043468
27043475
27043480
27043524
27043544
27043550
27043563
27043566
27043569
27043581
27043582
27043584
27043591
27043595
27043617
27043649
27043655
27043656
27043681
27043697
27043714
27043735
27043737
27043747
27043800
27043807
27043829
27043838
27043842
27043853
27043856
27043869
27043874
27043883
27043896
27043942
27043962
27043979
27044011
27044047
27044056
27044085
27044108
27044110
27044112
27044114
27044115
27044123
27044139
27044153
27044174
27044183
27044197
27044211
27044220
27044243
27044244
27044249
27044252
27044273
27044303
27044319
27044321
27044322
27044376
27044387
27044389
27044420
27044425
27044434
27044442
27044451
27044459
27044460
27044483
27044491
27044492
27044514
27044528
27044555
27044623
27044638
27044642
27044686
27044696
27044753
27044770
27044777
27044792
27044810
27044825
27044828
27044840
27044896
27044905
27044909
27044921
27044927
27044947
27044957
27044999
27045043
27045049
27045192
27045194
27045206
27045283
27045338
27045360
27045363
27045416
27045460
27045466
27045469
27045489
27045501
27045555
27045559
27045604
27045606
27045639
27045640
27045654
27045657
27045695
27045724
27045798
27045864
27045911
27045959
27045983
27046007
27046084
27046089
27046130
27046135
27046186
27046209
27046264
27046275
27046288
27046376
27046437
27046457
27046458
27046469
27046545
27046558
27046579
27046585
27046591
27046605
27046614
27046620
27046622
27046631
27046643
27046647
27046669
27046677
27046749
27046772
27046818
27046849
27046868
27046874
27046881
27046897
27046952
27046963
27046974
27046978
27047001
27047098
27047122
27047129
27047138
27047166
27047173
27047181
27047194
27047200
27047258
27047389
27047434
27047472
27047478
27047495
27047588
27047614
27047645
27047762
27047765
27047807
27047931
27048000
27048104
27048111
27048148
27048235
27048246
27048273
27048387
27048400
27048410
27048417
27048470
27048485
27048566
27048574
27048621
27048623
27048651
27048660
27048756
27048762
27048821
27048838
27048887
27048906
27048931
27048975
27048978
27048984
27048989
27049041
27049050
27049066
27049067
27049079
27049141
27049144
27049152
27049153
27049161
27049166
27049217
27049221
27049232
27049264
27049306
27049328
27049384
27049392
27049407
27049436
27049496
27049510
27049511
27049522
27049532
27049580
27049639
27049674
27049783
27049820
27049823
27049837
27049867
27049879
27049882
27049900
27049904
27049930
27049937
27050009
27050074
27050098
27050107
27050152
27050162
27050179
27050185
27050187
27050195
27050259
27050283
27050329
27050386
27050389
27050406
27050434
27050484
27050520
27050539
27050550
27050568
27050606
27050654
27050678
27050728
27050767
27050904
27050909
27050912
27050951
27050959
27050980
27050981
27051041
27051048
27051052
27051077
27051118
27051140
27051142
27051195
27051249
27051308
27051332
27051359
27051379
27051432
27051452
27051488
27051503
27051520
27051527
27051549
27051563
27051589
27051609
27051687
27051698
27051710
27051806
27051836
27051865
27051890
27051892
27051908
27051935
27051952
27051957
27051973
27051990
27052011
27052015
27052023
27052039
27052064
27052106
27052137
27052143
27052202
27052224
27052258
27052310
27052325
27052330
27052370
27052376
27052432
27052439
27052465
27052538
27052560
27052581
27052590
27052674
27052742
27052787
27052819
27052829
27052834
27052869
27052882
27052883
27052938
27052961
27052979
27052993
27053011
27053039
27053072
27053083
27053112
27053124
27053193
27053248
27053280
27053299
27053359
27053360
27053367
27053375
27053424
27053521
27053533
27053546
27053555
27053581
27053681
27053700
27053710
27053713
27053761
27053779
27053819
27053851
27053852
27053855
27053872
27053926
27053965
27053971
27053981
27054035
27054052
27054080
27054165
27054180
27054286
27054304
27054312
27054314
27054374
27054387
27054389
27054391
27054432
27054484
27054543
27054544
27054569
27054580
27054611
27054613
27054645
27054658
27054728
27054740
27054797
27054819
27054882
27054885
27054911
27054920
27054930
27054938
27055016
27055073
27055107
27055243
27055247
27055262
27055268
27055277
27055292
27055316
27055328
27055329
27055430
27055534
27055579
27055661
27055671
27055714
27055734
27055894
27055906
27055992
27055998
27056020
27056026
27056034
27056081
27056133
27056144
27056169
27056180
27056200
27056207
27056238
27056248
27056254
27056363
27056371
27056379
27056413
27056423
27056439
27056471
27056478
27056479
27056524
27056544
27056582
27056592
27056657
27056661
27056669
27056781
27056830
27056868
27056899
27056901
27056918
27056952
27057049
27057069
27057081
27057086
27057166
27057178
27057193
27057237
27057257
27057288
27057290
27057296
27057320
27057325
27057338
27057371
27057543
27057549
27057599
27057619
27057656
27057729
27057760
27057785
27057798
27057802
27057843
27057846
27057957
27057972
27058009
27058038
27058043
27058089
27058106
27058171
27058179
27058204
27058392
27058410
27058434
27058570
27058632
27058634
27058661
27058678
27058706
27058714
27058786
27058820
27058829
27058856
27058880
27058924
27058934
27058946
27058952
27058985
27059012
27059188
27059235
27059249
27059391
27059405
27059410
27059468
27059477
27059511
27059558
27059596
27059631
27059645
27059675
27059679
27059687
27059692
27059735
27059777
27059785
27059796
27059822
27059831
27059839
27059861
27059891
27059957
27060004
27060046
27060069
27060087
27060103
27060129
27060132
27060179
27060181
27060196
27060212
27060223
27060248
27060277
27060294
27060309
27060312
27060313
27060322
27060373
27060388
27060402
27060404
27060419
27060430
27060473
27060519
27060531
27060534
27060555
27060635
27060650
27060706
27060725
27060734
27060741
27060750
27060838
27060908
27060925
27060929
27060941
27060999
27061030
27061050
27061063
27061066
27061072
27061122
27061135
27061163
27061297
27061305
27061347
27061410
27061441
27061455
27061520
27061544
27061566
27061572
27061580
27061583
27061617
27061621
27061641
27061644
27061658
27061678
27061724
27061738
27061740
27061785
27061827
27061833
27061840
27061860
27061915
27061934
27061953
27061975
27061982
27062016
27062058
27062090
27062094
27062109
27062114
27062144
27062204
27062215
27062251
27062260
27062288
27062292
27062319
27062355
27062356
27062360
27062365
27062373
27062376
27062401
27062423
27062433
27062451
27062459
27062484
27062485
27062524
27062558
27062573
27062611
27062614
27062633
27062673
27062724
27062726
27062743
27062750
27062773
27062777
27062805
27062807
27062812
27062820
27062821
27062828
27062882
27062885
27062893
27062944
27062981
27062989
27063016
27063018
27063054
27063073
27063089
27063094
27063110
27063113
27063118
27063129
27063163
27063171
27063204
27063222
27063261
27063322
27063344
27063354
27063380
27063413
27063415
27063438
27063441
27063462
27063465
27063471
27063476
27063491
27063512
27063533
27063546
27063550
27063559
27063581
27063609
27063610
27063629
27063638
27063650
27063652
27063668
27063678
27063721
27063741
27063766
27063768
27063773
27063783
27063789
27063802
27063878
27063905
27063947
27063959
27063960
27064018
27064021
27064105
27064112
27064131
27064186
27064187
27064264
27064275
27064303
27064305
27064317
27064319
27064397
27064452
27064467
27064583
27064647
27064717
27064806
27064828
27064884
27064896
27064903
27064926
27064929
27064934
27064939
27064949
27064957
27065030
27065064
27065082
27065089
27065144
27065293
27065315
27065365
27065397
27065432
27065448
27065496
27065526
27065546
27065569
27065600
27065612
27065628
27065633
27065726
27065771
27065780
27065791
27065814
27065843
27065854
27065855
27065864
27065865
27065897
27065898
27065928
27065935
27065970
27065990
27065996
27066012
27066032
27066069
27066201
27066303
27066312
27066373
27066406
27066474
27066508
27066542
27066549
27066553
27066591
27066608
27066632
27066644
27066677
27066686
27066693
27066711
27066726
27066750
27066764
27066769
27066796
27066807
27066821
27066832
27066885
27066942
27066961
27066967
27066992
27067006
27067018
27067020
27067071
27067087
27067090
27067105
27067150
27067153
27067168
27067207
27067235
27067237
27067254
27067260
27067305
27067317
27067339
27067358
27067367
27067421
27067461
27067499
27067504
27067540
27067568
27067587
27067612
27067647
27067697
27067710
27067720
27067742
27067749
27067805
27067830
27067901
27067912
27067930
27067966
27067995
27068065
27068077
27068087
27068092
27068116
27068186
27068189
27068196
27068202
27068235
27068325
27068395
27068438
27068495
27068499
27068503
27068579
27068588
27068594
27068645
27068719
27068749
27068761
27068801
27068818
27068825
27068842
27068858
27068864
27068899
27068933
27068985
27069020
27069021
27069023
27069031
27069066
27069081
27069149
27069156
27069210
27069239
27069268
27069277
27069325
27069340
27069354
27069388
27069409
27069449
27069454
27069499
27069554
27069572
27069575
27069605
27069619
27069655
27069666
27069676
27069704
27069715
27069721
27069727
27069735
27069744
27069761
27069834
27069887
27069890
27069926
27069936
27069983
27069989
27070001
27070039
27070040
27070047
27070062
27070089
27070098
27070122
27070160
27070178
27070180
27070199
27070220
27070237
27070240
27070270
27070281
27070311
27070339
27070427
27070434
27070437
27070439
27070455
27070509
27070561
27070564
27070568
27070572
27070574
27070589
27070621
27070648
27070666
27070679
27070682
27070736
27070774
27070801
27070810
27070817
27070823
27070825
27070857
27070859
27070868
27070871
27070874
27070875
27070894
27070934
27070978
27070994
27071027
27071037
27071087
27071091
27071152
27071153
27071161
27071183
27071196
27071250
27071251
27071277
27071282
27071289
27071310
27071363
27071377
27071391
27071417
27071427
27071452
27071484
27071537
27071573
27071594
27071628
27071653
27071667
27071702
27071706
27071710
27071714
27071741
27071824
27071852
27071855
27071857
27071883
27071894
27071904
27071921
27071963
27071999
27072045
27072046
27072075
27072082
27072095
27072135
27072147
27072175
27072238
27072241
27072284
27072290
27072331
27072368
27072376
27072388
27072390
27072438
27072440
27072441
27072610
27072651
27072686
27072688
27072708
27072710
27072748
27072770
27072781
27072786
27072830
27072843
27072844
27072879
27072906
27072911
27072924
27072927
27072944
27072953
27072973
27073005
27073023
27073049
27073054
27073064
27073080
27073115
27073146
27073164
27073185
27073192
27073197
27073206
27073210
27073212
27073237
27073278
27073300
27073368
27073381
27073434
27073435
27073468
27073510
27073538
27073544
27073573
27073581
27073605
27073717
27073741
27073742
27073745
27073800
27073812
27073832
27073833
27073853
27073863
27073864
27073903
27073932
27073933
27073985
27073987
27074007
27074030
27074037
27074044
27074063
27074076
27074163
27074176
27074215
27074229
27074237
27074252
27074255
27074262
27074296
27074396
27074419
27074440
27074444
27074449
27074451
27074471
27074478
27074534
27074537
27074616
27074644
27074681
27074718
27074719
27074725
27074740
27074747
27074841
27074850
27074866
27074925
27074933
27074940
27074943
27074948
27074971
27074980
27075005
27075027
27075063
27075072
27075102
27075136
27075245
27075255
27075278
27075334
27075371
27075437
27075443
27075538
27075547
27075555
27075585
27075603
27075612
27075623
27075626
27075662
27075680
27075721
27075812
27075824
27075889
27075940
27075945
27075962
27075992
27075995
27076003
27076069
27076070
27076071
27076079
27076086
27076094
27076148
27076169
27076177
27076179
27076214
27076237
27076247
27076288
27076336
27076356
27076385
27076393
27076407
27076414
27076443
27076502
27076506
27076568
27076586
27076618
27076663
27076674
27076676
27076677
27076689
27076727
27076786
27076789
27076797
27076800
27076808
27076860
27076910
27076937
27076940
27076948
27076969
27076974
27076977
27077061
27077105
27077107
27077114
27077143
27077202
27077203
27077210
27077216
27077223
27077249
27077263
27077347
27077364
27077400
27077418
27077438
27077457
27077558
27077600
27077624
27077635
27077638
27077642
27077646
27077681
27077717
27077724
27077760
27077783
27077809
27077813
27077814
27077827
27077858
27077874
27077877
27077889
27077898
27077907
27077931
27078000
27078028
27078040
27078059
27078063
27078078
27078079
27078092
27078108
27078111
27078147
27078174
27078179
27078189
27078196
27078222
27078230
27078243
27078306
27078326
27078337
27078390
27078391
27078428
27078438
27078446
27078455
27078493
27078495
27078514
27078530
27078540
27078548
27078556
27078557
27078563
27078572
27078577
27078597
27078604
27078636
27078657
27078697
27078716
27078745
27078750
27078767
27078844
27078874
27078877
27078892
27078987
27079014
27079037
27079052
27079061
27079082
27079101
27079112
27079122
27079167
27079288
27079307
27079321
27079323
27079328
27079345
27079348
27079349
27079370
27079378
27079389
27079426
27079439
27079477
27079501
27079506
27079510
27079532
27079576
27079594
27079630
27079660
27079676
27079767
27079771
27079784
27079790
27079796
27079872
27079918
27079921
27079937
27080038
27080058
27080117
27080123
27080126
27080128
27080130
27080142
27080152
27080169
27080196
27080206
27080224
27080261
27080274
27080384
27080429
27080445
27080447
27080469
27080480
27080511
27080513
27080518
27080519
27080648
27080686
270882
2718130
276160
2815466
2834497
2844215
287220
2873064
289060
2925696
2935998
304217
3077997
3101944
3165265
3229416
3248082
3253933
3346368
3431234
3466997
3489312
3493651
3506758
3557049
3602391
3626411
367985
3692146
3881942
3961408
3961816
3962099
3967372
3981505
4080121
4099217
4104263
4141144
4167426
4180957
4181531
4187345
4216201
4222074
4307319
4311340
432605
4370865
4375522
4385703
4412585
4465462
4494968
4495685
4501815
4556078
459167
464306
4726015
4732735
47330
4812431
4817340
4856995
4857261
4870474
4887330
4889994
4911877
4920481
4931465
4945581
4953289
4968676
5003118
5048556
5077863
5080315
5108005
5110032
5123964
5134319
513751
5141850
5171945
5183889
5210397
5213095
5223313
5266439
5359309
5365953
5404215
5415129
5424904
5437371
5450460
5451774
5451791
5451817
5461656
547270
5484240
5488039
5533569
553554
557518
5593492
5600058
5687495
5730492
5751591
5835704
5898428
5980836
6010226
6031494
609746
6195982
6236726
6298061
6315965
6362998
6401951
6448945
6470024
6470868
6471930
6534479
6537230
6542521
6553805
6642979
677139
6955467
697133
7049989
7100033
7146130
7161126
7181774
7214152
725032
7258527
7266827
7271347
7306069
741385
741677
741848
7554075
7579906
7611789
7634771
7675377
7676346
7695670
7704355
7708290
7713650
7715105
7715629
7789606
7816951
7828129
7931593
793469
7958589
797495
7983159
8019521
8057349
806272
8072221
808570
8103368
8107628
8132743
8157761
8164923
8185040
8200500
821169
821458
8220876
8224146
8225037
8225265
8226330
8240537
824935
8258625
8269081
8272442
8273195
8273521
8276742
8276780
8299776
8309911
8321751
8322594
8324403
8324936
8325132
8325293
8325379
8327735
8332145
8333052
8338360
8343934
8352291
8352776
8353956
8368128
8400182
8413236
8414299
8427754
8428475
8462155
8486413
8486933
8609495
8616759
8630753
8641632
8666965
8688339
8734399
874433
8767879
8819155
8874185
8913319
8961521
8965099
8989641
9001707
9002342
9038250
9068694
9076661
9114979
9257160
9272962
9279715
9280308
9395896
9429696
9430063
9494414
9507806
9521316
9557666
956296
9571213
9587893
9589038
9626450
9631108
9631348
9631792
9642045
9651794
9655762
9698021
9700506
9737619
9746370
9757753
9783110
9792420
9852480
9879130