10062631
10094487
10094964
10095608
10098922
1013660
10141138
10141613
10148137
10156366
1018678
10189358
10189403
10189518
1019702
10215689
1022341
1022513
1023128
10250355
10268402
1026900
10271469
1027805
10280667
10283050
10302998
10324708
1035453
1035491
10368684
1037770
10388708
10424065
1043238
10440663
10442642
10447824
10456298
10456680
10457643
10457879
10458589
10458757
10458896
1046660
1046679
10469591
10469707
10469841
10470433
10482453
10482785
10503380
10506220
1051212
10522646
10561679
1056231
10570038
1060803
10609793
10621004
1062526
10634213
10634376
10642757
10645251
10646557
1065152
10693521
10698630
10707400
10717952
10726686
10731892
1074059
1075360
10768022
10768878
10793536
10793984
10794794
10803086
10830373
1083058
1083151
1083273
1084154
10849917
10850294
10854650
10857142
10865224
10870995
10876738
10878926
10894099
10894578
10895301
1089632
10898988
10902439
10912832
10914950
1091631
10920254
10921246
1092157
1093182
10942051
1094632
1097000
10971330
1098311
1098591
10997346
11001677
11009940
11017776
11028771
11032583
11041455
11044759
11045789
11072036
11076521
11085100
11086847
11095385
11099776
1110632
11119475
1111995
11122857
11132146
11134191
11137388
1114103
1114741
11148081
11148495
11169786
11214536
11221552
11225620
1124894
1128096
1128790
1131799
1133193
11332080
1133628
1134479
11347796
11349225
11349896
1137205
11381566
11382378
1138458
1140385
1141249
1142578
1143449
11482319
1150382
1151474
1152075
1152282
1152766
1154449
1154923
1155261
1155638
1155958
1156030
11564339
1156981
1157972
1158242
1159348
1160313
1160899
1161516
1162861
1166395
1166570
1167228
1168097
1168302
1169324
1170323
11703878
1171052
1172908
11753886
11754996
1175670
1176704
11806976
11811879
11817073
1181750
11828872
1183138
1183308
1183575
11836612
1183923
11847777
1186578
1188317
11919748
11920026
11924909
11946255
11977008
11982500
11987362
11994031
1201566
1203849
1204062
1204290
1204382
1207252
12073326
12078619
12089734
12134800
12162636
12182171
1221876
12237061
12241197
12243143
12243469
12243595
12270831
12273751
12279441
12309217
12356064
12376292
12385813
12391634
12419565
1243386
12448869
12460007
12464189
1249259
12500235
12501526
12520162
1254906
12562014
12562902
12564208
12567194
12583214
12607309
12630748
1267071
12688048
12703430
1271337
1271674
12734302
12753530
12754416
12769855
12770769
1279205
12830620
12840541
12848379
12886037
12889484
12903432
12932640
12968703
1296983
12974707
12981696
12982149
12982855
1299144
1299294
13037979
13041155
13047909
13053816
13054060
13054494
13055352
13060545
13082954
13094201
1310482
13146833
13151537
13181548
13188266
13188314
13191251
13197279
13202374
13204303
13208126
13228809
13229643
13240727
1326013
13274974
13289558
13306551
13328686
13346742
13349709
13354013
13358426
1338890
13392367
13407445
13408701
13409819
13414508
13417856
13417857
13418009
13418040
13418042
13418289
13418315
13418356
1344223
1344444
13445164
13452115
1345756
1346180
13462826
13463322
13470829
1347137
13475288
13480886
13491104
1349188
13499778
1350382
13517140
13528510
13529550
13542317
13551377
13551567
13558695
13569799
1357224
13573744
13589274
13607274
13612839
13613978
13630444
13641960
13644671
13647710
13650407
13653089
13655872
13658348
1366185
13662893
13674864
13692763
13694582
1369597
13701083
13701305
13713569
13716665
13732027
13736565
13737488
13741184
13742406
13771405
13780077
13787440
13792666
13797637
1381549
1382148
13842284
13852176
13860123
13871287
13875991
13876191
13888437
13905715
13918773
13978232
13984134
14133946
14145692
14156524
14166351
14177379
14207917
14244509
14265126
14321054
14329702
14330636
14410523
1443011
14457384
1446174
14499156
14514001
14540139
14548721
14574348
14586822
14648372
14734215
14792067
14796356
14798542
14926709
14948711
14957778
14968378
14975111
14993893
15011878
15012755
15031201
15058799
15088942
15090027
15098675
15123709
15148039
15158944
15195181
15208879
15224562
15232536
1525375
15287645
15304745
15321048
15321087
15331789
15340863
15417752
15419084
15419383
15442507
15493875
15505717
15511429
15513129
15513345
15522315
1552589
15535637
15541299
15541308
15541317
15541319
15541320
15542883
15560560
15570299
15578421
15582578
15583249
15589972
15590996
15593629
15624341
15627259
15627337
15649075
15665253
15687823
15701001
15701697
1574681
15802191
15821892
15821912
15833696
15834525
15835171
15835529
15854728
15867555
15876540
15885863
15889389
15907130
15910598
15913511
15931821
15936995
15941626
15951887
15995993
16014429
16018114
16025053
16026989
16052871
16081504
16085861
16105056
16105429
16111817
16124051
1612774
16133468
16140215
16140286
16141987
16146193
1614958
16161926
16167744
16169094
16179376
16180609
16186980
16188108
16197382
16197412
16208188
16228972
16264407
16281253
16284210
16285271
16294665
16301005
16314104
16314593
16315154
16344353
16347253
16365514
16367016
16404233
16404917
16405793
16412165
16412190
16412221
16412263
16412306
16412327
16412341
16412350
16412388
16414650
16426864
16439437
16439477
16439542
16439589
16439626
16439672
16439712
16439820
16440040
16440099
16440174
16440258
16443250
16444212
16446647
16450093
16450671
16451241
16454872
16457153
16457657
16474752
16476869
16477453
16512046
16521630
16524319
16540331
16540773
16541013
16542706
16549156
16553449
16555261
16555288
16560422
16573452
16589953
16591285
16592182
16604661
16604984
16612062
1662234
16633399
16636114
16642668
16648066
16649708
16655432
16660310
16660404
16662918
16672991
16679173
16679730
16682679
16689663
16692716
16695752
16697668
16715892
16716617
16730792
16733273
16737001
16741702
16742309
16747507
16747870
16760340
16766450
16766453
16766458
16766463
16766469
16766517
16766518
16772560
16785455
16786038
16790421
16791676
16811936
16881250
16927367
16932139
16932584
16937581
17006789
17006797
17006802
17006804
17006805
17006811
17006820
17006823
17006826
17006836
17006842
17006851
17066865
17067632
17069926
17070350
17072047
17080504
17117286
17129296
17134985
17139801
17140652
17196161
17222316
17223796
17225122
17225983
17226195
17227752
17247924
17258024
17261776
17265780
17317730
17332438
17366989
17368308
1739318
17413262
17443542
17452080
17482145
1749216
17516801
17519020
17519079
17519201
17519236
17519302
17519357
17519500
17520848
17527073
17529852
17533599
17552702
17553359
17569821
17575344
17599501
17600702
17600857
17605037
17605879
17605988
17607650
17645463
17661513
17704261
17710795
1771989
17749759
17753786
17761552
17761755
1776662
17766980
17769963
17772477
17790814
17819300
17821611
17824942
17842769
17852154
17852405
17852630
17856350
17856400
17866442
1788933
17904271
17915419
17927163
17933549
17934366
17935125
17941642
17944810
17955330
17958909
17966844
17979778
17992078
18015134
18015379
18015733
1802545
18026913
18032673
1804784
18053493
18057364
18062390
18069196
18080460
18080855
18093908
18094001
18095668
18095949
18113928
1814944
18153209
18164573
18165717
18165816
18182918
18192370
18193544
18196305
18196658
18198574
18198848
18200615
18205532
18211577
18216195
18222766
18226709
18229922
18231044
18234065
18259318
18267170
18270644
18283959
18302062
18303472
18306422
18310763
18312969
18316777
18349863
18352162
18356240
1836784
18375417
18393232
18408191
18408851
18408931
18409027
18409064
18409220
18409236
18409439
18420541
18437482
18438038
18438361
18438675
18443679
18445349
18445937
18447330
18459111
18466858
18467300
18481512
18496742
18497325
18510595
18527803
18533674
18538696
18540077
18549778
18564904
18565195
18565287
18573793
18580268
18605428
18607446
18607516
18631545
18633294
18634439
18640266
18642308
18657413
18675715
18693660
18694897
18697374
18706406
18718529
18745703
18745759
18751933
18754184
1875706
18761742
18765710
18766612
18772410
18796181
18797273
18799190
18799906
18801437
18802671
18803295
18804887
18805151
18809270
18821930
18828325
18828851
18832932
18835885
18836836
18841504
18850675
18850805
18851244
18851309
18857689
18858833
18860705
18874607
18880236
18881757
18881977
18882049
18887897
18889845
18889865
18891670
18892481
18892505
18895514
18896860
18897387
18897429
18897496
18897875
18898562
18908368
18909157
18910547
18912259
18912391
18912989
18913580
18915404
18931645
18931852
18943626
18951257
18957959
18963953
18964911
18971901
18971941
18973195
18988871
18989256
18989455
18989979
18994899
19004555
19011295
19012351
19013180
19015559
19016346
19017838
19018219
19022773
19026009
19030116
19041459
19043342
19044111
19050639
19050719
19050808
19050969
19051085
19051180
19054897
19064657
19065959
19067605
19067886
19081521
19083128
19083148
19083212
19083365
19083373
19083386
19083409
19083474
19083703
19083723
19083747
19083766
19102977
19104054
19105942
19108968
19109981
19111396
19112058
19112187
19114091
19116706
19117562
19119259
19125565
19132383
19132424
19134358
19134884
19137004
19151058
19161487
19163161
19163201
19163251
19163285
19163318
19163337
19163358
19165036
19167297
19167502
19167746
19167886
19167975
19177909
19180910
19181077
19181124
19181391
19182296
19182399
19183457
19189055
19190946
19191668
19192987
19193557
19196189
19196560
19197018
19197218
19198233
19200291
19201988
19205844
19209721
19211977
19213206
19216142
19222186
19224812
19228082
19229312
19230791
19231012
19234534
19243204
19244632
19246718
19247574
1924975
19251093
19253309
19253817
19257679
19260911
19263895
19266484
19269042
19269143
19269413
19279218
19280513
19281266
19291250
19291555
19291899
19292619
19292732
19294743
19305353
19332801
19333147
19361843
19364493
19364628
1936887
19380853
19441939
19449827
19454212
19460686
19462593
19483282
19494559
1949547
19495950
19522347
19525122
19545861
19549524
19563902
19583830
19584547
19607455
19635591
19640599
19655797
19675104
19695204
19708009
19788509
19819329
198324
19840655
19844108
19860894
19863591
19873311
19873714
19932139
19936375
19965637
19971408
19973669
20026083
20031764
20094612
20096736
20106949
20121603
20124144
20126972
20135121
20178903
20182207
20184572
20188859
20192125
20219094
20228868
20229208
20241414
20257858
2027763
20281067
20281443
20282984
20284565
20285819
20310119
20318534
20323061
20329647
20344692
20358501
20369615
20373979
20392120
20405224
20411455
20414216
20414408
20414531
20426242
20434011
20435411
20439154
20462938
20470783
20472041
20508870
20509361
20538733
20548847
20549853
20549995
20557179
20557227
20557279
20557364
20568122
20592478
20618372
20645793
20648981
20649393
20652899
20657549
20659572
20668616
20668858
20670978
20674401
20677820
20688786
20715474
20728585
20730173
20733077
20733677
20735616
20737823
20740724
20741087
20741401
20741669
20762464
20772163
20779341
20785344
20792417
20799209
20814017
20818914
20830885
20833330
20837172
20850478
2085117
20856152
20856846
20862004
20881885
20899526
20902690
20902753
20902887
20904305
20907177
20912781
20928234
20939707
20942241
20942485
20964077
20976132
20978307
20986511
20990056
20996885
21007889
21010209
21010221
21011209
21012877
21015259
21020157
21023827
21029386
21030360
21041047
21053524
21064015
21069364
21070977
21080337
21090712
21102706
21107791
21110873
21117410
21121278
21121487
21131174
21141171
21151635
21158080
21161136
21172351
21173444
21176421
21193959
21195255
21202247
21213197
21213892
21224942
21226737
21226776
21227678
21227855
21228139
21230803
21231148
21231337
21232394
21233523
21233939
21243028
21253955
21262846
21264529
21265409
21271053
21274780
21279097
21282416
21282807
21282844
21284454
21284678
21285043
21285882
21287731
21288280
21301870
21302049
21303625
21312735
21315620
21316996
21317561
21323368
21327300
21328939
21332828
21335825
21341258
21345741
21350382
21352540
21353410
21360630
21360689
21361151
21365981
21367149
21384620
21385424
21398570
21402469
21413190
21413385
21414299
21429784
21429834
21429890
21429956
21431450
21431708
21434454
21434676
21438526
21439362
21442490
21448389
21454097
21455845
21456307
21457606
21458293
21458682
21458762
21459395
21459633
21459718
21460201
21460325
21460497
21460761
21460887
21460985
21461155
21461304
21461754
21461901
21462082
21462462
21462841
21463384
21463534
21463590
21463689
21463850
21463980
21464467
21464599
21464798
21464903
21472705
21474261
21474568
21474694
21475274
21475944
21475988
21476680
21478261
21484657
21484980
21485049
21491299
21492138
21503507
21504083
21504408
21507808
21508421
21514798
21522437
21522442
21530249
21532075
21532856
21534063
21537699
21545453
21550461
21552226
21558319
21560336
21560876
21569192
21571567
21571938
21580122
21585240
21585523
21587358
21589230
21589665
21589779
21590410
21594323
21594853
21595740
21596010
21597515
21597730
21598432
21598614
21599106
21599455
21599805
21608644
21611043
21613789
21615559
21620577
21620854
21622318
21622757
21624500
21626528
21631132
21632476
21632491
21636613
21638553
21639806
21640064
21640308
21640627
21640741
21640794
21641223
21642527
21654623
21657082
21657591
21661060
21662853
21663537
21664117
21664213
21664733
21666110
21667932
21668209
21668798
21668924
21669064
21669317
21670945
21671251
21672574
21672774
21672938
21673006
21673215
21673382
21673832
21674075
21674245
21674476
21674680
21674819
21674933
21675042
21675223
21675624
21675786
21675880
21675991
21680603
21682427
21682823
21683030
21683357
21684549
21689704
21692762
21692867
21693486
21696316
21697671
21699778
21701398
21708701
21708772
21714894
21717166
21719386
21721271
21721535
21721924
21723443
21724101
21725063
21726782
21728391
21730798
21731963
21732011
21736841
21737143
21737721
21738372
21738871
21742295
21743202
21743830
21744062
21744432
21745100
21745548
21745642
21746311
21746357
21746945
21748240
21751660
21753293
21753344
21755216
21755307
21755308
21756073
21756087
21756822
21757832
21763258
21767244
21773516
21773651
21775774
21775953
21778011
21778106
21778905
21780822
21782018
21786835
21789342
21789560
21790687
21792649
21792908
21793124
21793259
21793322
21794089
21794266
21795725
21795809
21798384
21798902
21799149
21799663
21801205
21809727
21816441
21816668
21817064
21818872
21820203
21820210
21821478
21822088
21822750
21823233
21823717
21825035
21825828
21826778
21827547
21827962
21828553
21830086
21830791
21832895
21833429
21833530
21833606
21833749
21833753
21834642
21840108
21841723
21842303
21844056
21846553
21846678
21847797
21852291
21858004
21858803
21859584
21864550
21865581
21866076
21866492
21867022
21867310
21869640
21870045
21870479
21871324
21871511
21872002
21872898
21874474
21875091
21875187
21875444
21875481
21875770
21875847
21875979
21876273
21880915
21881772
21887876
21888327
21888628
21890296
21893606
21895231
21900294
21901161
21901170
21901548
21901598
21901824
21901972
21902089
21903653
21905071
21906219
21907323
21907361
21907512
21907612
21910058
21910557
21912303
21912328
21912410
21914453
2191554
21916290
21917587
21919157
21923146
21924574
21926702
21927046
21927312
21927382
21927431
21927489
21932331
21933362
21933575
21936054
21937502
21937588
21943807
21946339
21975961
21988698
22022520
22047949
22110316
22116077
22123297
22123969
22125133
22167279
22189693
22233546
22267594
22267767
22276924
22284657
22303622
22307602
22310913
22311633
22312135
22312786
22313115
22313334
22322827
22343699
22356580
22394078
2240092
22401210
22408762
22411372
22432757
22436704
22468086
22471165
22494608
22496755
22552427
22619005
22636191
22638634
22642375
22644351
22644973
22712591
22713002
22719633
22737509
22747575
22754495
22771197
22773969
22778057
22779182
22786762
22830764
22832655
22833258
22859834
22865680
22869763
22870189
22871711
22877616
22902351
22911106
22918012
22948943
22953993
22955424
22957742
22969997
22971281
22971798
22972613
22980321
22981248
22986234
22992431
22998087
23006401
23006993
23011155
23013068
23033869
23047858
23049037
23049386
23049866
23050373
23052281
23053424
23053479
23053539
23053630
23053696
23053782
23054001
2305565
23106683
23129894
23131901
23134203
23179752
23192036
23194068
23199121
2320757
23210188
23210722
23227280
23244881
23252174
23254670
23267832
23268790
23268803
23271948
23274209
23285690
23287113
23304609
23309983
23320216
23325606
23327158
23332303
23344629
23359771
23361824
23361835
23371689
23372027
23372884
23379510
23382146
23394720
23395664
23396032
23396819
23421900
23422738
23463622
23498369
23500731
23513537
23531021
23531862
23542017
23561270
23561405
23563805
23585597
23585821
23592179
23593828
23608951
23609356
23609981
23612055
23617384
23618002
23628314
23639817
23653428
23660633
23661476
23663091
23680017
23695538
23710250
23710533
23712919
23718192
23720526
23722613
23732702
23734180
23740087
23751558
23752318
23753761
23753862
23772392
23774568
23776582
23783750
23793552
23795390
23802557
23804577
23808973
23809265
23821557
23841148
23841385
23841771
23847765
23853186
23853754
23872317
23872568
23877457
23879126
23879404
23890574
23895351
23898132
23900798
23902320
23904915
23921338
23928774
23929432
23929652
23935513
23940441
23940917
23945927
23946215
23946878
23954648
23960400
23967035
23970057
23971201
23972808
23979752
23994372
24009369
24015629
24019269
24021486
24021530
24025770
24026651
24027341
24027371
24027680
24028032
24028220
24028403
24028615
24028977
24029127
24031137
24031373
24034755
24036562
24036749
24040911
24042939
24043531
24044330
24046351
24063775
24072716
24075788
24076187
24082401
24082794
24083334
24083930
24084388
24087555
24087835
24087986
24088779
24089652
2408990
24090397
24098382
24100262
24106522
24108177
24111927
24115885
24119966
24121995
24139202
24140479
24145992
24156313
24157952
24160370
24161122
24162192
24163410
24164724
24166102
24169169
24170216
24171131
24171727
24173391
24173427
24174150
24175427
24175680
24176470
24179582
24179767
24183877
24185733
24185828
24186112
24186408
24187586
24189362
24194448
24197038
24200942
24201610
24204216
24206522
24206834
24213360
24219134
24226268
24233998
24235354
24243456
24247026
24248325
24248431
24252441
24253537
24255830
24257472
24263708
24274320
24275398
24277299
24280025
24281030
24282001
24285837
24286058
24286127
24286286
24289989
24290296
24294108
24297637
24303183
24303424
24303556
24304689
24305025
24305126
24313859
24314631
24315892
24321954
24325739
24329216
24332392
24332466
24332519
24332561
24345725
24345934
24346058
24346863
24348468
24358525
24364504
24366272
24367296
24367518
24376319
24376355
24377271
24378625
24385116
24394573
24395027
24395402
24397906
24399726
24400977
24401180
24402990
24403200
24404774
24405557
24406668
24408724
24409131
24417148
24423620
24423837
24426342
24432789
24436251
24437382
24438256
24438269
24438798
24438936
24440906
24441810
24443271
24444459
24448151
24448507
24449560
24452314
24459832
24459952
24464081
24467558
24470141
24475637
24475740
24476301
24477918
24478123
24478196
24478231
24482406
24483317
24484659
24487198
24487724
24488312
24493668
24495397
24496303
24496767
24497730
24497948
24498282
24498872
24499050
24504086
24509757
24513921
2451736
24517476
24521927
24527001
24527023
24530773
24530820
24530943
24531057
24531075
24531145
24532185
24532290
24532323
24532575
24532702
24534956
24537869
24537955
24540239
24541389
24544307
24544421
24544693
24545119
24545556
24545593
24545632
24547502
24549558
24550309
24550777
24551331
24551872
24552101
24552678
24552863
24553152
24554270
24554385
24556133
24557312
24559027
24559779
24562586
24562732
24563608
24564608
24565038
24565297
24565424
24565450
24566534
24570431
24570741
24572147
24575148
24576717
24578496
24580327
24580369
24580933
24581729
24582044
24587202
24587240
24587807
24588708
2458944
24592864
24594400
24599414
24600546
24600648
24600890
24601081
24604228
24605277
24605871
24607415
24607548
24607888
24611747
24613974
24615842
24617379
24617705
24618176
24618232
24619807
24620952
24622008
24623630
24624295
24625771
24625774
24632039
24636094
24637288
24638281
24638393
24640243
24640945
24643076
24643562
24643816
24644017
24647268
24649105
24649201
24650191
24650363
24651554
24651980
24653173
24654507
24655962
24656219
24656494
24657246
24657585
24658454
24660412
24662218
24666174
24667960
24668978
24670032
24670508
24672384
24672560
24672893
24674957
24675439
24675898
24676486
24677472
24678521
24679882
24680691
24680910
24681148
24681229
24682362
24682469
24682473
24682644
24682685
24682769
24683286
24688400
24688485
24688591
24688617
24688753
24688816
24688947
24689093
24689255
24689329
24689356
24689452
24689691
24689894
24690056
24690208
24690556
24690883
24691911
24692236
24692279
24692373
24692887
24693509
24694382
24694636
24694901
24694923
24696487
24697578
24698022
24698221
24698242
24699470
24699832
24699909
24700886
24703020
24703964
24704267
24704333
24704481
24704603
24705319
24705507
24706882
24707097
24708171
24708530
24708574
24708582
24708675
24708870
24709223
24710029
24712866
24713486
24714529
24714990
24715462
24716760
24716954
24717732
24718263
24718997
24719511
24719789
24719842
24721347
24721371
24721386
24724318
24724424
24724758
24732538
24732767
24733316
24736659
24736681
24738908
24738965
24740360
24740577
24741958
24743069
24743090
24743589
24744866
24745076
24747635
24748237
24748539
24749942
24754466
24754856
24755656
24755770
24756293
24758200
24759999
24760312
24763217
24763792
24768061
24768243
24768244
24768765
24769853
24770723
24770976
24771138
24771723
24772138
24774159
24774177
24775125
24776023
24776101
24776878
24777133
24778805
24778902
24779295
24779601
24782546
24784007
24784958
24785208
24786310
24787098
24787601
24787664
24788088
24788188
24788325
24788470
24788832
24788849
24788943
24789099
24790372
24790654
24791265
24791272
24791412
24791423
24791574
24792919
24793711
24795338
24795993
24797011
24797915
24798649
24799357
24799454
24799859
24800021
24800069
24800341
24800752
24800791
24801058
24801703
24802062
24803225
24803325
24803418
24803573
24804271
24804847
24806392
24806925
24807138
24807772
24808276
24808782
24809016
24809105
24810690
24811696
24812281
24812372
24812734
24813258
24813636
24813748
24814344
24814808
24814923
24815587
24815616
24815845
24815971
24816332
24816345
24816547
24817477
24818004
24818898
24819283
24819470
24819793
24820295
24821008
24821223
24822363
24822473
24822527
24822903
24823185
24823547
24823779
24823835
24824257
24824304
24824347
24824365
24824904
24825593
24825684
24825973
24826123
24826346
24826579
24828376
24830741
24830749
24831864
24832014
24832521
24832872
24833133
24833573
24833793
24833956
24834502
24834541
24834576
24834626
24834663
24834691
24838135
24838217
24838327
24839635
24839815
24840278
24840296
24840660
24840992
24841294
24841722
24841840
24842369
24842405
24842697
24843583
24843623
24843701
24844255
24844503
24844601
24845880
24847055
24847559
24850134
24850344
24851145
24851425
24851537
24852337
24852610
24854095
24854551
24854609
24854653
24856082
24856130
24856226
24857452
24857894
24859144
24859267
24860505
24860678
24860752
24861562
24862170
24863344
24863829
24864100
24864132
24864302
24864601
24866206
24867751
24867869
24867874
24868179
24868333
24868625
24869416
24869490
24870062
24871954
24872571
24872676
24873249
24873356
24873546
24873554
24873600
24873913
24873959
24874252
24875225
24875380
24875789
24875915
24879111
24879826
24880591
24880926
24881208
24881659
24882452
24883045
24884840
24884958
24886025
24886470
24887108
24887907
24888175
24888304
24888872
24889119
24889142
24889248
24890517
24891015
24891210
24892319
24895746
24902160
24931930
24935143
24936074
24945428
24947628
24947832
24949343
25009242
25048860
25049984
2506363
25074394
2507562
25099388
25101966
25157694
25183452
25184980
25185746
25214855
25249726
25257527
25260226
25262303
25263427
25263783
25281906
25307687
25332706
25340855
25347791
25349171
25367548
25375051
25377057
25437427
25438721
25438856
25447516
25476909
25497787
25500684
25532211
25552587
25555624
25573840
25573896
25574334
25579793
25580550
25588470
25592912
25595726
25602432
25602976
25609900
25614245
25627084
2562807
25631739
25637021
25637052
25641909
25644626
25649020
25649112
25656468
25662803
25664607
25673540
25678180
25683278
25688123
25689367
25690785
25690792
25694095
25694360
25695302
2569580
25695848
25697259
25697436
25699421
25701095
25701326
25715933
25717407
25718191
25722711
25726193
25728471
25733952
25735475
25735485
257355
25736934
25738792
25740558
25740825
25742670
25754875
25762124
25762303
25777914
25778908
25779221
25782697
25786124
25786935
25788031
25792337
25793117
25803536
25803716
25809829
25810272
25811576
25816721
25820951
25822283
25840287
25840490
25843280
25843745
25844588
25845244
25845362
25849464
25853499
25853662
25856501
25858912
25867734
25869192
25871402
25871757
25883287
25894822
25898249
25899831
25907465
25915717
25917040
25917100
25936356
25937461
25939627
25939947
25939976
25940205
25940855
25941146
25942336
25952773
25958585
25969590
25976959
25983333
25985731
25986579
2599235
25996117
25998307
26008037
26011974
26012192
26015189
26016818
26028640
26030551
26032543
26032751
26035906
26042224
26042270
26042316
26042391
26054938
26055023
26056772
26066252
26068074
26072392
26073600
26074968
26082754
26093272
26094598
26097512
26106229
26115140
26118323
26124593
26127251
26127921
26127993
26129975
26130372
26140272
26141271
26143214
26147535
26147773
26149408
26149690
26149712
26151289
26151881
26152095
26154080
26158037
26159337
26159670
26165026
26165870
26167453
26168800
26169232
26173203
26173773
26174117
26174198
26176559
26177792
26177894
26179427
26180651
26180942
26181355
26181643
26181773
26181965
26188396
26191122
26193099
26194144
26198124
26198779
26198851
26198983
26199286
26199466
26202702
26205141
26210317
26215676
26216342
26219620
26225550
26229345
26234781
26237476
26239097
26239121
26239202
26239917
26249353
26249408
26249499
26249578
26249641
26249713
26249763
26249851
26249970
26250108
26251833
26252045
26253483
26254524
26255378
26259065
26262401
26262671
26263220
26265704
26266585
26266876
26268976
26281246
26291732
26291988
26293537
26296966
26298711
26304413
26304426
26304586
26318221
26325000
26326412
26327506
26332176
26332243
26332430
26341505
26344100
26347080
26348710
26351352
26351796
26351906
26355202
26356163
26360330
26362126
26363181
26368920
26370491
26371205
26371376
26373113
26373754
26375111
26375612
26376248
26376349
26376736
26379891
26380816
26381374
26387169
26393258
26395594
26404785
26407564
26409928
26411656
26411692
26412940
26413656
26415001
26417333
26418517
26422692
26426528
26427446
26428989
26432830
26434093
26435546
26436183
26439801
26440019
26453746
26454793
26454888
26458758
26463957
26468594
26469127
26473677
26476161
26477241
26478241
26481037
26483871
26488891
26489820
26493406
26498956
26499895
26504603
26506064
26506324
26507484
26513397
26514037
26514384
26518372
26519880
26519943
26525636
26532194
26540571
26543727
26544700
26552767
26553986
26558202
26558893
26559428
26560603
26561299
26563260
26566517
26570097
26571137
26571434
26573614
26575741
26578741
26588151
26588959
26589173
26589659
26596239
26597908
26598031
26603625
26610056
26618432
26618645
26623126
26626056
26627602
26631343
26631558
26633758
26634175
26641441
26641558
26641623
26642097
26642151
26650572
26650684
26651657
26652881
26653762
26659649
26661674
26663097
26663738
26664936
26667326
26669805
26670052
26670113
26670168
26672395
26677562
26677877
26678327
26679155
26679637
26680524
26681105
26681175
26683524
26687501
26689592
26691470
26691712
26692007
26693539
26693553
26693909
26696461
26697389
26697540
26698277
26699508
26704030
26704463
26704569
26704680
26704739
26704940
26705138
26705173
26706206
26706280
26706429
26706696
26707781
26710773
26715709
26715841
26719797
26720163
26720934
26722445
26726454
26728010
26728567
26728717
26729344
26731730
26732066
26732342
26732352
26733319
26733442
26734553
26734653
26735917
26737271
26737620
26738290
26738646
26740520
26741787
26743823
26747210
26747276
26747576
26747876
26747996
26748632
26749281
26749335
26749381
26749964
26750518
26750962
26752384
26752730
26753869
26754654
26754663
26755493
26755933
26757135
26759685
26760272
26760633
26762419
26762705
26763058
26763452
26763670
26766401
26767427
26771116
26771785
26773632
2677384
26774189
26775206
26775549
26775594
26776005
26776204
26776233
26777799
26779124
26779129
26779187
26779365
26780303
26781100
26783482
2678364
26786320
26786626
26786698
26786757
26786890
26787079
26787332
26787714
26788314
26790324
26791250
26791276
26791321
26793363
26794067
26794831
26794994
26798288
26799490
26799996
26800246
26800271
26803420
26807080
26807399
26807530
26808134
26809062
26809862
26812637
26813778
26813836
26813857
26815920
26816586
26819041
26819942
26822159
26822387
26824141
26826610
26827189
26827890
26831584
26832896
26833065
26833193
26833576
26833609
26834364
26835390
26835665
26835963
26837807
26838451
26839129
26839332
26839895
26839967
26843818
26845496
26845609
26848929
26849186
26849853
26850017
26850082
26850172
26850981
26851554
26852451
26853364
26855377
26856390
26856924
26857257
26857791
26858104
26860520
26861201
26861752
26862033
26863735
26864357
26865498
26865603
26865720
26865877
26866245
26866606
26867593
26868601
26868663
26868789
26868854
26869204
26869555
26869640
26869819
26870796
26871433
26872655
26873144
26879025
26879515
26880336
26880621
26881478
26883175
26883838
26885913
26886886
26887056
26887654
26887749
26890879
26893400
26894364
26894596
26894863
26895446
26897460
26897819
26897983
26898042
26898134
26898228
26898264
26898479
26898708
26898962
26900895
26901245
26902126
26902798
26903268
26904774
26905836
26905850
26909077
26910095
26910166
26910186
26911729
26911907
26911994
26912186
26912250
26912332
26912786
26913055
26916427
26916602
26921007
26922125
26922654
26922861
26923225
26923236
26923729
26923908
26924634
26925407
26926689
26927376
2692923
26931410
26932634
26933849
26934986
26935063
26935124
26936245
26941294
26941466
26942017
26942383
26942430
26942509
26942837
26943082
26943857
26944350
26944354
26944488
26946276
26946771
26948118
26949029
26950770
26952110
26952460
26953388
26956887
26957313
26961350
26961833
26963508
26963747
26967789
26968064
26968073
26968847
26969509
26969560
26971063
26971318
26971458
26971536
26973644
26974124
26975983
26976161
26976738
26978912
26979410
26979546
26982607
26982625
26982708
26982904
26983879
26984343
26984546
26985179
26985541
26986682
26988757
26989607
26990500
26991102
26991734
26992392
26992410
26993086
26993214
26994765
26997850
26997899
26998705
26999613
27002002
27002450
27004938
27005980
27007276
27007781
27008067
27008702
27008854
27009278
27009454
27009826
27009895
27010463
27010786
27011129
27011635
27012630
27012718
27012921
27013103
27013322
27014293
27014326
27015143
27016093
27016684
27016875
27017068
27017336
27018371
27018523
27018914
27019111
27019509
27019666
27020002
27022221
27022466
27022776
27027131
27028306
27031032
27031278
27031473
27031616
27033766
27034471
27034718
27036623
27037379
27038028
27038168
27038339
27038993
27041276
27041313
27041551
27042005
27042386
27042402
27042868
27044110
27044165
27044199
27044211
27044387
27044825
27044999
27045798
27046868
27046952
27047807
27049050
27049392
27049783
27051589
27052819
27053424
27053852
27054312
27054543
27056344
27056363
27056781
27057179
27059687
27062251
27062726
27062812
27063462
27064939
27064949
27066693
2706689
27067499
27068749
27069321
27069388
27069704
27070875
27071250
27071628
27072610
27072844
27073023
27073197
27073581
27073832
27074007
27074866
27074943
27077249
27077438
27077717
27078147
27078874
27080002
27081860
27081903
27082027
27082030
27082068
27082625
27082905
27083401
27083688
27084652
27084874
27084930
27085110
27086573
27088301
27088309
27089315
27089569
27089845
27090024
27090177
27091151
27091909
27092000
27092066
27092098
27092368
27093042
27093694
27095224
27095373
27095401
27095426
27095622
27095642
27095689
27095739
27095772
27095786
27095818
27095840
27096061
27096591
27096837
27096894
27097118
27097433
27098331
27098367
27098645
27100806
27101124
27102032
27102771
27103847
27104325
27106106
27106379
27106585
27106903
27107075
27107125
27107201
27107869
27108324
27108677
27108691
27108929
27109311
27109466
27109544
27109789
27110133
27110474
27110547
27110920
27111262
27111420
27111529
27111588
27112196
27113330
27113778
27114580
27114615
27114736
27114746
27115217
27115226
27115285
27115416
27115907
27116006
27116278
27116366
27116670
27117044
27117224
27117398
27117404
27117838
27118651
27119032
27119257
27119440
27119496
27119580
27120078
27120780
27120907
27121361
27122011
27122245
27122536
27122709
27122729
27122947
27123035
27123837
27124234
27124742
27124764
27125456
27125559
27125611
27126347
27126887
27127030
27127078
27127097
27127498
27127603
27128135
27128275
27128567
27128899
27128922
27130448
27130501
27130594
27131105
27131378
27131591
27131681
27132056
27132756
27133098
27133458
27133917
27134080
27134338
27134781
27134816
27135205
27135466
27135542
27136286
27136400
27136481
27136521
27136556
27136603
27136615
27136678
27137562
27137920
27138544
27138557
27138865
27139160
27139883
27140133
27140198
27140328
27141004
27141059
27142043
27142188
27142433
27142615
27142669
27143272
27145310
27145324
27145410
27145511
27145898
27145929
27145986
27145992
27146519
27146550
27146644
27146806
27146865
27147176
27147442
27147644
27147734
27147834
27147885
27148184
27148316
27148955
27148964
27149107
27149164
27149213
27149838
27149866
27150009
27150115
27150353
27151977
27152015
27152104
27152454
27153640
27153720
27154144
27154253
27154647
27154776
27154818
27155027
27155282
27155315
27155836
27156588
27156678
27156685
27157071
27157530
27157797
27158493
27158745
27158773
27158907
27159028
27159074
27159102
27159160
27159228
27159253
27159263
27159411
27159541
27159614
27159679
27160018
27160340
27160487
27161208
27161972
27162124
27162125
27162174
27162327
27162712
27162949
27163019
27163148
27163750
27163872
27164856
27165151
27165275
27165320
27165332
27165733
27165754
27165915
27165994
27166234
27166592
27166717
27167646
27167742
27167748
27167772
27167906
27167999
27168133
27168333
27168384
27168590
27168623
27168931
27169184
27169344
27169632
27169882
27170397
27171046
27172402
27172698
27173070
27173118
27173547
27174149
27174932
27174939
27175334
27175345
27175377
27175399
27175424
27175483
27175505
27175519
27175563
27175565
27175575
27175592
27175636
27175670
27175681
27175694
27175768
27175778
27175793
27175803
27175869
27175884
27175897
27175924
27175982
27175998
27176006
27176036
27176051
27176060
27176084
27176126
27176152
27176176
27176193
27176200
27176208
27176220
27176269
27176287
27176360
27176375
27176421
27176435
27176447
27176463
27176467
27176514
27176527
27176558
27176567
27176577
27176585
27176587
27176624
27176636
27176667
27176671
27176716
27176726
27176750
27176767
27176779
27176789
27176804
27176813
27176829
27176840
27176852
27176869
27176877
27176893
27176933
27176964
27176975
27177004
27177006
27177021
27177031
27177053
27177067
27177089
27177092
27177104
27177120
27177138
27177153
27177163
27177178
27177185
27177198
27177220
27177307
27177388
27177399
27177426
27177438
27177457
27177477
27177488
27177503
27177538
27177584
27177592
27177617
27177628
27177638
27177646
27177669
27177677
27177689
27177711
27177746
27177756
27177769
27177774
27177783
27177790
27177792
27177812
27177825
27177844
27177854
27177860
27177873
27177914
27177939
27177963
27177969
27177975
27177986
27177996
27178020
27178029
27178034
27178044
27178063
27178087
27178097
27178104
27178108
27178113
27178127
27178139
27178147
27178158
27178166
27178177
27178183
27178198
27178219
27178229
27178243
27178249
27178259
27178269
27178284
27178307
27178324
27178326
27178340
27178366
27178377
27178382
27178394
27178404
27178410
27178424
27178433
27178475
27178502
27178512
27178519
27178529
27178544
27178553
27178565
27178582
27178584
27178594
27178608
27178632
27178637
27178647
27178657
27178676
27178691
27178700
27178712
27178718
27178725
27178733
27178747
27178756
27178809
27178818
27178826
27178844
27178855
27178859
27178876
27178887
27178895
27178909
27178928
27178940
27178951
27178959
27178963
27178977
27178988
27178996
27179001
27179016
27179024
27179028
27179037
27179051
27179060
27179082
27179096
27179111
27179138
27179148
27179167
27179171
27179189
27179224
27179227
27179235
27179242
27179251
27179277
27179289
27179294
27179304
27179310
27179332
27179344
27179351
27179377
27179384
27179403
27179412
27179425
27179435
27179443
27179450
27179458
27179464
27179487
27179502
27179517
27179523
27179531
27179532
27179538
27179555
27179563
27179568
27179574
27179585
27179594
27179600
27179610
27179614
27179628
27179637
27179819
27179946
27180164
27180205
27180253
27180310
27180398
27180484
27180543
27180864
27180890
27181325
27181747
27181757
27181843
27181907
27182050
27182697
27182804
27183271
27183726
27183761
27183850
27184350
27185024
27185060
27185093
27185361
27185679
27185771
27185911
27186206
27186980
27187292
27187422
27188164
27188229
27188495
27188580
27188596
27188612
27188637
27188648
27188828
27189438
27189754
27189988
27190388
27190644
27190948
27191245
27191250
27192151
27192315
27192575
27192594
27193113
27193789
27193825
27194036
27194164
27194249
27194340
27194541
27194766
27194948
27195167
27195222
27195235
27195367
27195403
27195509
27195559
27195622
27195716
27195819
27195838
27195913
27195979
27195983
27196114
27196189
27196214
27196573
27197031
27197050
27197071
27197106
27197139
27197162
27197179
27197200
27197433
27197635
27197816
27197983
27198282
27198506
27198750
27199040
27199085
27199441
27199590
27199681
27199781
27199957
27201097
27201775
27201991
27202514
27202862
27202899
27203068
27203211
27203577
27203646
27203681
27203750
27203932
27204093
27204274
27204678
27204689
27205102
27205251
27205548
27205683
27206090
27206111
27206480
27206499
27206528
27206669
27206672
27207193
27207237
27207424
27207476
27207573
27207681
27207758
27207871
27208220
27208366
27208382
27208397
27208422
27208437
27208468
27208536
27208661
27208690
27208789
27208871
27208933
27209012
27209758
27209798
27209870
27209899
27209942
27210051
27210312
27210452
27210549
27210728
27211292
27211387
27212558
27213006
27213156
27213291
27214237
27214267
27214496
27214541
27214565
27214592
27214743
27214796
27215018
27215040
27215513
27215549
27215564
27215588
27215682
27215826
27215874
27216081
27216107
27216671
27216851
27217110
27217126
27217169
27217933
27217984
27218053
27218523
27218729
27218801
27218959
27219139
27219191
27219556
27219733
27219743
27219770
27219820
27220103
27220142
27220185
27220317
27220334
27220348
27220354
27220551
27220715
27221050
27221133
27221671
27221729
27221869
27221965
27222074
27222163
27223209
27223559
27223692
27223708
27224216
27224308
27224395
27224460
27224667
27224935
27224984
27225224
27225534
27225675
27225935
27226159
27226209
27226651
27226795
27227168
27227686
27227849
27228018
27228102
27228145
27228292
27228342
27228357
27228512
27228794
27228828
27229013
27229103
27229434
27229722
27229840
27229941
27229957
27230228
27230453
27230604
27230775
27231403
27231588
27231893
27231917
27232210
27232516
27232600
27233340
27233419
27233561
27233814
27234015
27234481
27234819
27234943
27235837
27235857
27235984
27236903
27237187
27237456
27237768
27238071
27238329
27238423
27238540
27239185
27239646
27239672
27239692
27239896
27239979
27240179
27240430
27240442
27240622
27240732
27241080
27241183
27241547
27241575
27241597
27241730
27241756
27241782
27241880
27242375
27242475
27242525
27242550
27242648
27242676
27242832
27242864
27242895
27243245
27243524
27243771
27243801
27244147
27244405
27244720
27245042
27245125
27245527
27245572
27245586
27245645
27246047
27246383
27246819
27247500
27247979
27248010
27248212
27248439
27248613
27248691
27248892
27248965
27248974
27249032
27249215
27249287
27249344
27249422
27249467
27249682
27250243
27250592
27251298
27251412
27251685
27251704
27251760
27251869
27252072
27252078
27252151
27252200
27252491
27252854
27252947
27253061
27253180
27253250
27253268
27253689
27253814
27254050
27254285
27254296
27254499
27254608
27254856
27254939
27254981
27255203
27255210
27255292
27255299
27255425
27255547
27255707
27255846
27255865
27255957
27256050
27256086
27256405
27256815
27257768
27258085
27258189
27258195
27258267
27258447
27258659
27259222
27259326
27260320
27260681
27261014
27261449
27261626
27261756
27261864
27262248
27262892
27263239
27263960
27264045
27264382
27264651
27264709
27264836
27265020
27265041
27265351
27265367
27265647
27265800
27266206
27266569
27266921
27267063
27267152
27267487
27267660
27267799
27267846
27268083
27268158
27268217
27268256
27268312
27268603
27268713
27269157
27269177
27269284
27269310
27269334
27269428
27269587
27269730
27269910
27269978
27270036
27270225
27270304
27270727
27270743
27271084
27271119
27271365
27271456
27271808
27271870
27272008
27272096
27272130
27272131
27272292
27272449
27272485
27272728
27272768
27272928
27272967
27273172
27273517
27273663
27273935
27274202
27274251
27275269
27275275
27275456
27275464
27275493
27275873
27275944
27276259
27276353
27276511
27276737
27276994
27277202
27277424
27277517
27277902
27277984
27278018
27278154
27278245
27278248
27278264
27278351
27278553
27278612
27278679
27278822
27278930
27279064
27279258
27279337
27279423
27279528
27279581
27279949
27280226
27280298
27280477
27280569
27280606
27280676
27280775
27281179
27281293
27281388
27281413
27281566
27281813
27281874
27282196
27282326
27282359
27282591
27282905
27282966
27282974
27283638
27283694
27283911
27283954
27284110
27284142
27284225
27284444
27284473
27284659
27284828
27284953
27284964
27285036
27285080
27285103
27285132
27285475
27285498
27285608
27285700
27285882
27285889
27286083
27286202
27286234
27286316
27286486
27286729
27286783
27286856
27286896
27286996
27287440
27287689
27287970
27288021
27288047
27288066
27288225
27288428
27288597
27288631
27288692
27288803
27288845
27288893
27289236
27289302
27289506
27289681
27289691
27289877
27290427
27290540
27290542
27290930
27290967
27291070
27291146
27291298
27291478
27291482
27291701
27291723
27291767
27291808
27291854
27291892
27292061
27292207
27292418
27292464
27292722
27293138
27293260
27293294
27293777
27293806
27294084
27294086
27294093
27294129
27294135
27294139
27294140
27294148
27294195
27294381
27294538
27294795
27294826
27294951
27295390
27295414
27295584
27295591
27295715
27295822
27296072
27296083
27296142
27296297
27296568
27296574
27296641
27296904
27297231
27297272
27297493
27297669
27297860
27297943
27297996
27298106
27298282
27298438
27298559
27298637
27298953
27298990
27299370
27299422
27299645
27299675
27299784
27299844
27299862
27300109
27300383
27300421
27300524
27300589
27300674
27300695
27300775
27300789
27301093
27301205
27301922
27302027
27302266
27302412
27302545
27302668
27302794
27302866
27302909
27302975
27303196
27303261
27303345
27303346
27303713
27303806
27303846
27303946
27304009
27304085
27304239
27304498
27304685
27304849
27304867
27304907
27305071
27305157
27305211
27305387
27305404
27305470
27305637
27305647
27305732
27305836
27306012
27306056
27306120
27306300
27306327
27306385
27306504
27306523
27306642
27306706
27306722
27306836
27306954
27307573
27307598
27307851
27308025
27308038
27308044
27308122
27308172
27308256
27308288
27308333
27308389
27308428
27308429
27308575
27308699
27308774
27308780
27308861
27309055
27309120
27309163
27309253
27309379
27309387
27309590
27309639
27309773
27309778
27309801
27309868
27310279
27310289
27310443
27310688
27310712
27310860
27310961
27311066
27311344
27311383
27311466
27311479
27311591
27311819
27311888
27312081
27312089
27312140
27312407
27312746
27312769
27312788
27313289
27313368
27313385
27313491
27313595
27313661
27313982
27314129
27314193
27314446
27314793
27315081
27315096
27315168
27315201
27315308
27315333
27315344
27315612
27315759
27315805
27315916
27316039
27316217
27316386
27316445
27316448
27316561
27316611
27316704
27316708
27316723
27317094
27317230
27317362
27317381
27317612
27317657
27317668
27317736
27317776
27317939
27317972
27318039
27318072
27318477
27318567
27318614
27318638
27318679
27319014
27319016
27319089
27319557
27319607
27319813
27319836
27320044
27320086
27320098
27320101
27320113
27320123
27320264
27320275
27320390
27320489
27320515
27320611
27320800
27320851
27320864
27320888
27320965
27321155
27321202
27321234
27321431
27321460
27321579
27321704
27321790
27321874
27321969
27322069
27322141
27322261
27322272
27322288
27322332
27322411
27322444
27322611
27322627
27322631
27322918
27322982
27323077
27323222
27323223
27323338
27323366
27323522
27323697
27323759
27323864
27323890
27323948
27324025
27324094
27324128
27324274
27324354
27324802
27324913
27325012
27325052
27325186
27325207
27325233
27325375
27325388
27325547
27325676
27325686
27325763
27325930
27326086
27326314
27326324
27326520
27326628
27326629
27326662
27326765
27326874
27326973
27327056
27327163
27327213
27327269
27327337
27327409
27327414
27327467
27327659
27328103
27328278
27328281
27328301
27328333
27328412
27328460
27328773
27328828
27329034
27329119
27329151
27329170
27329181
27329415
27329447
27329487
27329496
27329548
27329962
27330045
27330054
27330118
27330173
27330259
27330260
27330276
27330344
27330401
27330700
27330870
27330907
27331066
27331085
27331141
27331151
27331314
27331352
27331543
27331680
27332076
27332217
27332290
27332327
27332342
27332420
27332475
27332568
27332640
27332659
27332663
27332706
27332709
27332764
27332795
27332824
27332839
27332843
27332845
27332848
27333053
27333185
27333191
27333352
27333426
27333479
27333578
27333658
27333933
27333968
27334124
27334146
27334189
27334447
27334553
27334579
27334595
27334807
27334836
27334918
27334942
27334979
27335103
27335155
27335234
27335328
27335329
27335423
27335449
27335592
27335758
27335809
27335908
27336011
27336049
27336082
27336084
27336182
27336189
27336256
27336262
27336282
27336292
27336317
27336360
27336640
27336676
27336695
27336769
27336843
27336854
27336859
27336995
27337066
27337096
27337141
27337204
27337276
27337371
27337395
27337414
27337500
27337762
27338008
27338026
27338075
27338128
27338135
27338202
27338389
27338397
27338476
27338479
27338561
27338680
27338696
27338718
27338849
27338913
27338921
27339047
27339105
27339138
27339168
27339240
27339256
27339360
27339424
27339504
27339591
27339822
27340029
27340142
27340215
27340388
27340437
27340449
27340547
27340661
27340763
27340880
27340973
27341011
27341053
27341314
27341315
27341317
27341332
27341387
27341507
27341718
27341762
27341791
27341851
27341867
27341893
27342128
27342178
27342236
27342361
27342392
27342397
27342717
27342751
27342853
27342855
27342858
27342867
27343016
27343129
27343264
27343283
27343358
27343383
27343394
27343473
27343539
27343569
27343572
27343670
27343683
27343721
27343876
27343882
27343902
27344026
27344104
27344261
27344301
27344350
27344522
27344674
27344779
27344860
27344918
27344968
27344988
27345044
27345102
27345106
27345115
27345125
27345216
27345353
27345366
27345487
27345541
27345556
27345890
27345908
27345975
27346193
27346204
27346535
27346589
27346653
27346711
27346740
27346834
27346940
27346955
27347099
27347258
27347402
27347506
27347576
27347643
27347649
27347687
27347712
27347844
27347852
27347871
27347973
27348029
27348060
27348091
27348129
27348232
27348497
27348518
27348531
27348699
27348813
27348869
27348921
27348981
27349210
27349218
27349357
27349812
27349872
27349925
27349966
27350091
27350199
27350235
27350313
27350367
27350388
27350466
27350533
27350668
27350671
27350730
27350814
27350829
27350877
27350924
27350953
27351066
27351242
27351366
27351393
27351413
27351452
27351515
27351527
27351595
27351735
27351784
27351837
27351841
27351893
27351931
27352011
27352075
27352091
27352123
27352142
27352154
27352304
27352379
27352478
27352543
27352661
27352689
27352707
27352719
27352729
27352765
27352782
27352897
27352939
27353216
27353392
27353398
27353459
27353558
27353613
27353656
27353657
27353695
27353699
27353706
27353707
27353708
27353711
27353733
27353799
27353833
27353941
27354038
27354052
27354072
27354200
27354245
27354302
27354398
27354486
27354567
27354570
27354634
27354674
27354685
27354794
27354937
27354962
27355003
27355111
27355130
27355166
27355246
27355383
27355540
27355556
27355615
27355651
27355660
27355727
27355754
27356151
27356468
27356495
27356547
27356736
27356781
27356904
27356955
27356956
27357292
27357368
27357451
27357570
27357733
27357750
27357765
27357849
27357912
27357977
27358085
27358183
27358327
27358352
27358354
27358448
27358508
27358705
27358731
27358775
27358878
27358879
27359167
27359184
27359196
27359208
27359222
27359236
27359277
27359395
27359448
27359641
27359750
27359834
27359930
27360094
27360149
27360368
27360423
27360450
27360516
27360631
27360637
27360704
27360760
27361011
27361028
27361037
27361049
27361069
27361147
27361182
27361216
27361265
27361378
27361417
27361487
27361507
27361520
27361532
27361639
27361677
27361743
27361745
27361760
27361838
27361947
27361999
27362083
27362269
27362449
27362485
27362567
27362569
27362625
27362683
27362684
27362695
27362703
27362725
27362774
27362779
27362812
27362912
27362917
27362924
27362992
27363204
27363230
27363241
27363259
27363292
27363327
27363390
27363454
27363508
27363564
27363630
27363744
27363793
27363795
27363805
27363899
27364058
27364112
27364114
27364272
27364410
27364547
27364620
27364644
27364680
27364869
27364878
27364942
27364972
27365042
27365054
27365176
27365207
27365285
27365299
27365322
27365346
27365359
27365411
27365461
27365503
27365637
27365712
27365740
27365745
27365911
27365948
27366020
27366063
27366089
27366132
27366220
27366270
27366276
27366320
27366361
27366428
27366489
27366587
27366597
27366624
27366680
27366698
27366711
27366747
27366760
27366768
27366776
27366803
27366819
27366824
27366845
27366871
27366872
27366893
27366918
27366948
27366972
27367143
27367163
27367167
27367181
27367218
27367220
27367228
27367274
27367279
27367466
27367631
27367670
27367715
27367831
27367877
27368010
27368125
27368199
27368218
27368348
27368421
27368482
27368509
27368560
27368602
27368855
27368884
27369000
27369012
27369072
27369118
27369165
27369341
27369391
27369440
27369453
27369511
27369513
27369618
27369623
27369638
27369650
27369678
27369690
27369774
27369893
27369962
27370061
27370132
27370142
27370153
27370194
27370242
27370343
27370507
27370508
27370543
27370597
27370613
27370625
27370642
27370668
27370681
27370686
27370699
27370829
27370912
27370917
27370920
27370951
27370955
27370975
27371010
27371019
27371050
27371066
27371078
27371083
27371094
27371130
27371187
27371301
27371315
27371321
27371465
27371481
27371540
27371620
27371654
27371664
27371665
27371686
27371707
27371726
27371738
27371843
27371946
27371952
27371963
27371967
27371971
27371978
27372117
27372120
27372224
27372251
27372281
27372363
27372427
27372459
27372483
27372523
27372652
27372700
27372794
27372822
27372930
27372942
27373007
27373105
27373126
27373184
27373210
27373245
27373253
27373255
27373267
27373378
27373394
27373417
27373455
27373508
27373563
27373568
27373577
27373638
27373749
27373754
27373775
27373786
27373802
27373806
27373845
27373946
27373982
27373983
27373994
27374022
27374046
27374100
27374142
27374145
27374190
27374212
27374214
27374271
27374354
27374400
27374423
27374463
27374729
27374751
27374807
27374819
27374846
27374887
27375022
27375117
27375315
27375369
27375401
27375415
27375536
27375593
27375600
27375673
27375904
27375953
27376025
27376050
27376072
27376132
27376163
27376194
27376226
27376346
27376359
27376417
27376490
27376622
27376667
27376724
27376778
27376779
27376793
27376808
27376825
27377034
27377056
27377097
27377200
27377220
27377277
27377309
27377433
27377495
27377650
27377701
27377799
27377810
27377860
27377898
27377905
27377988
27378086
27378130
27378155
27378156
27378162
27378228
27378251
27378304
27378363
27378607
27378684
27378694
27378728
27378864
27378923
27378983
27379078
27379091
27379100
27379115
27379162
27379234
27379255
27379268
27379368
27379393
27379425
27379578
27379676
27379739
27379745
27379748
27379752
27379852
27379855
27379926
27379984
27380006
27380055
27380133
27380173
27380201
27380205
27380222
27380226
27380360
27380483
27380525
27380527
27380652
27380758
27380763
27380804
27380805
27380939
27380942
27381067
27381083
27381102
27381111
27381144
27381146
27381153
27381272
27381300
27381420
27381459
27381489
27381574
27381674
27381717
27381811
27381827
27381882
27381891
27381966
27381971
27382114
27382134
27382165
27382299
27382382
27382386
27382402
27382579
27382585
27382617
27382644
27382744
27382773
27382842
27382870
27382889
27382980
27382985
27382990
27383001
27383022
27383072
27383080
27383087
27383149
27383179
27383199
27383221
27383247
27383276
27383292
27383352
27383387
27383429
27383463
27383505
27383570
27383579
27383604
27383657
27383693
27383710
27383712
27383761
27383774
27383786
27383803
27383804
27383838
27383874
27383895
27383942
27383953
27383961
27383985
27384040
27384102
27384178
27384203
27384217
27384220
27384239
27384275
27384309
27384414
27384461
27384491
27384497
27384529
27384653
27384679
27384726
27384751
27384860
27384883
27384956
27385006
27385034
27385045
27385061
27385088
27385143
27385168
27385207
27385335
27385387
27385401
27385406
27385465
27385566
27385568
27385582
27385628
27385637
27385718
27385780
27385873
27385909
27385935
27385945
27385972
27386028
27386074
27386091
27386181
27386189
27386207
27386222
27386260
27386279
27386398
27386464
27386468
27386470
27386481
27386514
27386547
27386555
27386567
27386605
27386759
27386773
27386906
27386970
27387063
27387065
27387102
27387314
27387325
27387369
27387378
27387389
27387426
27387480
27387566
27387643
27387653
27387675
27387722
27387723
27387726
27387780
27387790
27387873
27387875
27387883
27387907
27387964
27388015
27388063
27388115
27388269
27388310
27388349
27388406
27388477
27388595
27388633
27388645
27388680
27388790
27388941
27388987
27388992
27389001
27389026
27389069
27389070
27389111
27389157
27389182
27389319
27389335
27389369
27389405
27389421
27389439
27389530
27389534
27389560
27389579
27389635
27389674
27389758
27389791
27389814
27389851
27389852
27389891
27389909
27389983
27390004
27390019
27390020
27390063
27390112
27390117
27390128
27390329
27390344
27390375
27390400
27390419
27390585
27390593
27390612
27390630
27390667
27390808
27391105
27391120
27391135
27391160
27391324
27391378
27391399
27391436
27391442
27391460
27391498
27391564
27391574
27391605
27391720
27391727
27391764
27391818
27391820
27391825
27391833
27391853
27391883
27391897
27391905
27391917
27391953
27392031
27392051
27392089
27392149
27392191
27392198
27392212
27392213
27392225
27392245
27392258
27392273
27392280
27392288
27392400
27392437
27392493
27392508
27392531
27392581
27392618
27392692
27392763
27392765
27392784
27392791
27392849
27392886
27392937
27392946
27392997
27393022
27393105
27393138
27393284
27393379
27393396
27393406
27393422
27393460
27393476
27393487
27393588
27393756
27393876
27393990
27394129
27394144
27394258
27394282
27394295
27394298
27394316
27394353
27394362
27394531
27394631
27394806
27394846
27394882
27394913
27394914
27394981
27394990
27395158
27395299
27395313
27395361
27395377
27395461
27395478
27395573
27395606
27395687
27395734
27395738
27395754
27395821
27395843
27395885
27395960
27396041
27396081
27396117
27396149
27396196
27396207
27396215
27396242
27396270
27396333
27396344
27396355
27396433
27396448
27396483
27396532
27396546
27396631
27396697
27396734
27396940
27397068
27397095
27397195
27397228
27397241
27397256
27397306
27397333
27397348
27397446
27397512
27397558
27397877
27397898
27397912
27397958
27397986
27398041
27398124
27398199
27398213
27398280
27398338
27398500
27398509
27398534
27398616
27398656
27398714
27398715
27398757
27398760
27398824
27399013
27399044
27399081
27399093
27399150
27399287
27399291
27399405
27399488
27399539
27399568
27399617
27399753
27399809
27399846
27400096
27400098
27400107
27400119
27400234
27400253
27400268
27400289
27400293
27400355
27400423
27400468
27400479
27400492
27400592
27400598
27400604
27400627
27400786
27400790
27400806
27400809
27400902
27400924
27400966
27401188
27401196
27401210
27401305
27401306
27401363
27401399
27401405
27401527
27401535
27401552
27401598
27401612
27401761
27401807
27401816
27401830
27401869
27401968
27401981
27402044
27402045
27402084
27402104
27402160
27402168
27402171
27402266
27402317
27402324
27402456
27402458
27402530
27402565
27402601
27402630
27402645
27402763
27402900
27402927
27403014
27403074
27403170
27403298
27403308
27403333
27403345
27403376
27403552
27403568
27403578
27403666
27403667
27403727
27403770
27403861
27403895
27403928
27403932
27404018
27404021
27404037
27404038
27404184
27404210
27404233
27404235
27404322
27404353
27404358
27404360
27404362
27404411
27404513
27404533
27404597
27404828
27404855
27405001
27405034
27405052
27405176
27405177
27405217
27405307
27405329
27405377
27405429
27405433
27405590
27405596
27405687
27405763
27405864
27405922
27405940
27405961
27405962
27405987
27405989
27406005
27406012
27406150
27406167
27406185
27406232
27406312
27406413
27406440
27406451
27406454
27406486
27406500
27406506
27406534
27406598
27406728
27406808
27406818
27406854
27406863
27406902
27406983
27407006
27407049
27407058
27407071
27407103
27407111
27407229
27407233
27407245
27407316
27407327
27407346
27407392
27407421
27407424
27407439
27407440
27407678
27407879
27407965
27407990
27408038
27408055
27408156
27408281
27408282
27408288
27408300
27408446
27408461
27408467
27408476
27408482
27408609
27408654
27408723
27408760
27408826
27408829
27408872
27408882
27408891
27409052
27409098
27409145
27409285
27409348
27409371
27409380
27409395
27409478
27409481
27409642
27409897
27409910
27409933
27409972
27409994
27410032
27410038
27410109
27410112
27410279
27410293
27410486
27410544
27410582
27410633
27410675
27410703
27410782
27410832
27411032
27411083
27411086
27411103
27411224
27411277
27411302
27411340
27411463
27411597
27411647
27411736
27411776
27411835
27412114
27412118
27412261
27412298
27412307
27412410
27412413
27412462
27412472
27412505
27412536
27412593
27412600
27412657
27412663
27412720
27412834
27412885
27412962
27413021
27413031
27413038
27413060
27413162
27413216
27413281
27413308
27413350
27413434
27413448
27413462
27413522
27413577
27413592
27413691
27413726
27413750
27413751
27413776
27413826
27413848
27413875
27413902
27414023
27414030
27414069
27414101
27414102
27414204
27414220
27414263
27414390
27414422
27414457
27414481
27414699
27414709
27414723
27414724
27414834
27414842
27414845
27414862
27414925
27414962
27414999
27415029
27415052
27415067
27415135
27415162
27415427
27415442
27415471
27415530
27415689
27415760
27415825
27415828
27415885
27415908
27415931
27415959
27415964
27416068
27416071
27416150
27416175
27416218
27416235
27416263
27416286
27416294
27416297
27416324
27416391
27416435
27416494
27416497
27416554
27416555
27416564
27416621
27416733
27416783
27416796
27416832
27416851
27416856
27416891
27417063
27417094
27417102
27417116
27417247
27417293
27417295
27417318
27417380
27417386
27417440
27417444
27417491
27417501
27417503
27417519
27417529
27417563
27417565
27417572
27417598
27417633
27417661
27417690
27417734
27417794
27417797
27417826
27417849
27417857
27417864
27417903
27417917
27417949
27417971
27417974
27417983
27418018
27418062
27418115
27418201
27418292
27418294
27418314
27418353
27418395
27418424
27418465
27418499
27418580
27418600
27418633
27418717
27418858
27418901
27418924
27418953
27418978
27418988
27419005
27419043
27419120
27419140
27419195
27419199
27419359
27419410
27419474
27419493
27419516
27419631
27419646
27419776
27419821
27419860
27419864
27419890
27419924
27419979
27420063
27420067
27420095
27420106
27420289
27420312
27420337
27420350
27420370
27420401
27420403
27420473
27420498
27420568
27420622
27420665
27420710
27420744
27420748
27420795
27420823
27420866
27420882
27420891
27420912
27420984
27421017
27421022
27421077
27421106
27421278
27421340
27421370
27421392
27421407
27421469
27421511
27421581
27421651
27421676
27421708
27421734
27421755
27421812
27421833
27421858
27421862
27421894
27421963
27422030
27422036
27422139
27422140
27422192
27422224
27422279
27422326
27422353
27422432
27422458
27422477
27422500
27422515
27422544
27422561
27422615
27422633
27422640
27422657
27422667
27422709
27422739
27422866
27422892
27422908
27422921
27422999
27423025
27423029
27423033
27423068
27423096
27423162
27423167
27423198
27423238
27423252
27423270
27423280
27423291
27423325
27423330
27423360
27423365
27423386
27423422
27423424
27423447
27423456
27423491
27423499
27423536
27423545
27423553
27423555
27423573
27423581
27423592
27423595
27423603
27423610
27423794
27423842
27423950
27423968
27424020
27424032
27424040
27424045
27424080
27424112
27424135
27424200
27424212
27424246
27424286
27424300
27424330
27424475
27424491
27424498
27424509
27424544
27424599
27424635
27424640
27424650
27424701
27424709
27424752
27424848
27424880
27424914
27424927
27424933
27424963
27425014
27425072
27425160
27425169
27425178
27425240
27425312
27425374
27425430
27425487
27425543
27425609
27425756
27425785
27425805
27425824
27425838
27425846
27425866
27426114
27426177
27426244
27426290
27426309
27426339
27426355
27426410
27426438
27426441
27426477
27426518
27426560
27426591
27426651
27426681
27426698
27426715
27426722
27426765
27426788
27426834
27426851
27426852
27426875
27426915
27426961
27426974
27426993
27427006
27427121
27427183
27427227
27427266
27427278
27427311
27427338
27427358
27427370
27427382
27427460
27427470
27427485
27427572
27427578
27427590
27427599
27427619
27427635
27427653
27427681
27427742
27427770
27427793
27427796
27427798
27427799
27427835
27427854
27427891
27427915
27428023
27428054
27428090
27428110
27428136
27428137
27428173
27428411
27428422
27428425
27428432
27428462
27428468
27428537
27428598
27428669
27428683
27428690
27428720
27428725
27428739
27428778
27428825
27428844
27428846
27428857
27428907
27428938
27428979
27429000
27429024
27429133
27429137
27429144
27429171
27429192
27429223
27429260
27429406
27429434
27429448
27429466
27429469
27429554
27429575
27429603
27429631
27429683
27429694
27429699
27429768
27429793
27429797
27429845
27429850
27429859
27429922
27429971
27430040
27430042
27430078
27430119
27430187
27430225
27430262
27430266
27430277
27430294
27430316
27430324
27430335
27430338
27430345
27430349
27430357
27430393
27430409
27430412
27430458
27430482
27430550
27430574
27430582
27430606
27430607
27430611
27430695
27430711
27430726
27430739
27430777
27430815
27430827
27430841
27430850
27430877
27430907
27430933
27431040
27431052
27431069
27431078
27431135
27431159
27431184
27431235
27431260
27431262
27431385
27431498
27431580
27431603
27431626
27431627
27431631
27431643
27431691
27431692
27431705
27431794
27431801
27431817
27431839
27431849
27431925
27432103
27432104
27432108
27432143
27432159
27432234
27432252
27432265
27432283
27432288
27432319
27432360
27432392
27432398
27432404
27432430
27432471
27432484
27432497
27432603
27432631
27432653
27432663
27432738
27432764
27432845
27432858
27432877
27432891
27432916
27432919
27432921
27432928
27432935
27432952
27432961
27432968
27433014
27433018
27433022
27433073
27433079
27433081
27433204
27433220
27433229
27433274
27433329
27433357
27433397
27433398
27433405
27433407
27433419
27433426
27433431
27433441
27433487
27433504
27433527
27433611
27433612
27433623
27433625
27433650
27433671
27433692
27433714
27433786
27433796
27433915
27433955
27433989
27433996
27434013
27434020
27434029
27434058
27434100
27434107
27434138
27434141
27434144
27434200
27434280
27434284
27434414
27434430
27434468
27434502
27434508
27434534
27434563
27434586
27434605
27434612
27434661
27434729
27434818
27434849
27434878
27434935
27434970
27435019
27435030
27435042
27435045
27435046
27435097
27435133
27435145
27435148
27435167
27435181
27435220
27435223
27435229
27435237
27435249
27435277
27435278
27435285
27435298
27435325
27435380
27435552
27435566
27435587
27435679
27435686
27435755
27435761
27435791
27435808
27436024
27436028
27436140
27436152
27436157
27436160
27436230
27436367
27436386
27436389
27436407
27436412
27436449
27436499
27436510
27436521
27436631
27436636
27436645
27436657
27436720
27436771
27436782
27436792
27436823
27436912
27436955
27437007
27437019
27437033
27437057
27437092
27437110
27437184
27437191
27437208
27437227
27437245
27437284
27437304
27437308
27437315
27437352
27437490
27437502
27437556
27437627
27437652
27437657
27437672
27437694
27437702
27437720
27437734
27437811
27437831
27437841
27437845
27437856
27437937
27437940
27437998
27438029
27438047
27438152
27438213
27438241
27438246
27438287
27438292
27438307
27438325
27438353
27438356
27438376
27438472
27438491
27438497
27438498
27438519
27438576
27438609
27438615
27438646
27438700
27438710
27438736
27438737
27438742
27438782
27438822
27438839
27438852
27438857
27438865
27438900
27438942
27438953
27438982
27439009
27439012
27439036
27439047
27439057
27439099
27439107
27439239
27439244
27439278
27439487
27439498
27439505
27439514
27439543
27439544
27439597
27439614
27439628
27439683
27439699
27439702
27439817
27439823
27439830
27439982
27440018
27440023
27440025
27440029
27440076
27440113
27440134
27440167
27440172
27440203
27440284
27440335
27440341
27440342
27440365
27440399
27440574
27440586
27440604
27440614
27440618
27440644
27440664
27440665
27440693
27440747
27440749
27440779
27440815
27440833
27440851
27440875
27440889
27440938
27441014
27441034
27441041
27441092
27441103
27441116
27441181
27441187
27441225
27441239
27441264
27441265
27441274
27441277
27441301
27441340
27441350
27441359
27441409
27441420
27441426
27441469
27441471
27441616
27441732
27441753
27441767
27441798
27441839
27441855
27441862
27441959
27441972
27441996
27442025
27442042
27442120
27442159
27442168
27442198
27442200
27442212
27442215
27442244
27442297
27442303
27442304
27442311
27442319
27442350
27442356
27442427
27442436
27442438
27442472
27442496
27442504
27442529
27442533
27442561
27442569
27442603
27442616
27442624
27442637
27442672
27442712
27442787
27442832
27442858
27442874
27442878
27442929
27442935
27442993
27443013
27443026
27443062
27443074
27443135
27443159
27443165
27443169
27443237
27443242
27443269
27443271
27443300
27443307
27443350
27443388
27443401
27443403
27443408
27443425
27443428
27443449
27443511
27443550
27443551
27443556
27443697
27443701
27443741
27443770
27443790
27443810
27443819
27443822
27443829
27443836
27443842
27443913
27443937
27443957
27443969
27443975
27443987
27444024
27444038
27444052
27444056
27444126
27444147
27444157
27444171
27444174
27444193
27444238
27444297
27444305
27444326
27444367
27444401
27444419
27444420
27444442
27444451
27444528
27444571
27444574
27444596
27444702
27444706
27444707
27444711
27444718
27444724
27444726
27444731
27444737
27444740
27444744
27444747
27444795
27444798
27444799
27444805
27444819
27444839
27444846
27444847
27444861
27444875
27444880
27444906
27444930
27444931
27444954
27444957
27444979
27445001
27445040
27445053
27445114
27445163
27445208
27445222
27445284
27445296
27445306
27445329
27445339
27445350
27445351
27445367
27445384
27445418
27445423
27445456
27445501
27445548
27445558
27445586
27445611
27445646
27445650
27445673
27445683
27445708
27445717
27445719
27445738
27445739
27445757
27445798
27445803
27445814
27445845
27445850
27445851
27445855
27445858
27445859
27445875
27445881
27445885
27445898
27445908
27445975
27445997
27446016
27446019
27446058
27446086
27446097
27446104
27446123
27446183
27446241
27446347
27446390
27446394
27446473
27446509
27446572
27446577
27446588
27446604
27446623
27446627
27446640
27446675
27446683
27446726
27446734
27446739
27446782
27446859
27446969
27446984
27447035
27447051
27447057
27447063
27447108
27447110
27447117
27447133
27447161
27447198
27447205
27447209
27447233
27447238
27447253
27447255
27447267
27447346
27447349
27447358
27447359
27447376
27447385
27447400
27447409
27447420
27447428
27447432
27447436
27447438
27447444
27447448
27447459
27447566
27447570
27447583
27447619
27447625
27447631
27447634
27447635
27447657
27447688
27447693
27447721
27447728
27447763
27447777
27447813
27447864
27447889
27447916
27447952
27448038
27448047
27448089
27448159
27448176
27448191
27448247
27448335
27448394
27448401
27448402
27448408
27448412
27448417
27448419
27448427
27448453
27448457
27448510
27448567
27448569
27448576
27448622
27448629
27448727
27448815
27448847
27448871
27448906
27448910
27448913
27448922
27449032
27449103
27449107
27449113
27449142
27449144
27449185
27449255
27449280
27449291
27449296
27449350
27449381
27449387
27449504
27449549
27449553
27449558
27449559
27449573
27449587
27449596
27449712
27449714
27449765
27449783
27449798
27449810
27449827
27449834
27449997
27450006
27450030
27450039
27450043
27450079
27450129
27450136
27450196
27450230
27450251
27450263
27450278
27450280
27450370
27450378
27450427
27450432
27450471
27450489
27450510
27450564
27450592
27450595
27450610
27450660
27450747
27450768
27450874
27450899
27450908
27450920
27450924
27450956
27450979
27450985
27450986
27451054
27451097
27451099
27451101
27451153
27451164
27451196
27451204
27451213
27451253
27451264
27451304
27451337
27451341
27451350
27451384
27451419
27451422
27451458
27451460
27451506
27451563
27451586
27451593
27451608
27451714
27451722
27451748
27451918
27451944
27451945
27452062
27452079
27452089
27452112
27452177
27452228
27452305
27452307
27452328
27452345
27452383
27452432
27452498
27452522
27452533
27452615
27452653
27452673
27452696
27452743
27452747
27452759
27452760
27452778
27452801
27452817
27452825
27452863
27452864
27452900
27452942
27452976
27452987
27453005
27453008
27453059
27453073
27453077
27453148
27453187
27453194
27453195
27453243
27453249
27453302
27453317
27453396
27453401
27453425
27453450
27453460
27453494
27453515
27453516
27453521
27453524
27453567
27453623
27453676
27453734
27453814
27453839
27453842
27453850
27453947
27453995
27454013
27454019
27454055
27454068
27454090
27454124
27454133
27454137
27454157
27454266
27454269
27454282
27454315
27454316
27454318
27454320
27454326
27454344
27454360
27454391
27454422
27454462
27454463
27454488
27454532
27454580
27454585
27454587
27454592
27454610
27454660
27454675
27454684
27454698
27454704
27454706
27454726
27454731
27454745
27454763
27454831
27454925
27454954
27455010
27455039
27455048
27455064
27455135
27455263
27455296
27455325
27455342
27455371
27455390
27455470
27455472
27455481
27455492
27455503
27455511
27455529
27455573
27455598
27455606
27455689
27455704
27455708
27455711
27455745
27455831
27455884
27455901
27455943
27455978
27455984
27455993
27456011
27456097
27456102
27456160
27456366
27456432
27456435
27456474
27456478
27456497
27456513
27456524
27456538
27456544
27456581
27456617
27456624
27456640
27456657
27456659
27456707
27456758
27456818
27456929
27457008
27457022
27457050
27457082
27457089
27457133
27457166
27457203
27457217
27457246
27457258
27457275
27457297
27457337
27457368
27457423
27457436
27457443
27457455
27457489
27457501
27457528
27457549
27457552
27457556
27457564
27457565
27457589
27457615
27457664
27457670
27457693
27457708
27457734
27457735
27457740
27457788
27457820
27457909
27457928
27458059
27458081
27458179
27458212
27458216
27458224
27458241
27458257
27458265
27458290
27458303
27458339
27458360
27458400
27458410
27458449
27458469
27458501
27458540
27458592
27458656
27458724
27458730
27458744
27458751
27458835
27458864
27458947
27458949
27458980
27459015
27459054
27459078
27459085
27459091
27459109
27459112
27459121
27459145
27459194
27459211
27459213
27459236
27459237
27459330
27459369
27459502
27459505
27459521
27459528
27459534
27459536
27459567
27459577
27459584
27459614
27459664
27459728
27459733
27459759
27459762
27459775
27459777
27459779
27459834
27459863
27459869
27459896
27459899
27459901
27459929
27459938
27460116
27460125
27460133
27460143
27460150
27460164
27460184
27460196
27460215
27460238
27460248
27460270
27460272
27460294
27460341
27460351
27460439
27460478
27460479
27460491
27460499
27460542
27460573
27460631
27460671
27460710
27460722
27460747
27460756
27460809
27460814
27460832
27460838
27460930
27460955
27461012
27461037
27461076
27461168
27461169
27461190
27461202
27461237
27461251
27461254
27461281
27461302
27461303
27461310
27461322
27461337
27461397
27461408
27461426
27461478
27461487
27461500
27461537
27461570
27461576
27461584
27461614
27461615
27461671
27461713
27461722
27461748
27461762
27461794
27461820
27461854
27461865
27461870
27461886
27461889
27461890
27461904
27461917
27461945
27461988
27461990
27462015
27462016
27462058
27462095
27462128
27462137
27462152
27462163
27462165
27462179
27462185
27462199
27462226
27462236
27462267
27462289
27462349
27462368
27462373
27462395
27462402
27462407
27462467
27462472
27462476
27462491
27462492
27462512
27462519
27462523
27462555
27462601
27462660
27462663
27462675
27462676
27462678
27462686
27462697
27462706
27462715
27462720
27462758
27462799
27462821
27462837
27462852
27462854
27462860
27462870
27462888
27462893
27462929
27462961
27462972
27462974
27462975
27462984
27462990
27463017
27463040
27463057
27463069
27463099
27463100
27463103
27463111
27463140
27463145
27463159
27463169
27463174
27463239
27463280
27463286
27463303
27463306
27463312
27463319
27463326
27463330
27463407
27463451
27463516
27463526
27463530
27463536
27463552
27463595
27463666
27463671
27463722
27463730
27463779
27463783
27463850
27463861
27463896
27463949
27463983
27464002
27464100
27464113
27464178
27464181
27464241
27464274
27464301
27464302
27464343
27464351
27464424
27464427
27464437
27464552
27464564
27464603
27464614
27464643
27464644
27464649
27464654
27464692
27464731
27464740
27464757
27464761
27464762
27464765
27464791
27464801
27464875
27464897
27464985
27464995
27465005
27465012
27465013
27465069
27465127
27465134
27465155
27465169
27465175
27465270
27465336
27465338
27465341
27465374
27465392
27465399
27465448
27465545
27465546
27465589
27465599
27465628
27465717
27465743
27465791
27465839
27465853
27465857
27465926
27465932
27465965
27465985
27466001
27466016
27466022
27466066
27466080
27466100
27466140
27466208
27466211
27466214
27466333
27466354
27466393
27466555
27466613
27466667
27466685
27466714
27466760
27466777
27466806
27466944
27466960
27466992
27466993
27467002
27467012
27467047
27467060
27467067
27467082
27467094
27467115
27467149
27467176
27467183
27467195
27467196
27467273
27467286
27467325
27467326
27467331
27467334
27467340
27467342
27467395
27467403
27467412
27467433
27467480
27467490
27467498
27467511
27467550
27467557
27467661
27467727
27467741
27467797
27467848
27467861
27467872
27467897
27467898
27467947
27467960
27467975
27467989
27468017
27468019
27468028
27468033
27468106
27468109
27468111
27468116
27468118
27468156
27468192
27468212
27468296
27468356
27468366
27468369
27468378
27468382
27468425
27468554
27468571
27468604
27468632
27468681
27468701
27468739
27468767
27468804
27468811
27468820
27468831
27468842
27468941
27468947
27468954
27468975
27469029
27469045
27469071
27469086
27469104
27469110
27469120
27469126
27469146
27469171
27469309
27469311
27469314
27469340
27469374
27469399
27469436
27469440
27469451
27469479
27469498
27469512
27469514
27469540
27469554
27469581
27469585
27469598
27469600
27469655
27469662
27469684
27469700
27469704
27469736
27469743
27469748
27469753
27469771
27469826
27469866
27469882
27469931
27470019
27470031
27470040
27470059
27470067
27470070
27470089
27470100
27470101
27470115
27470139
27470146
27470161
27470163
27470165
27470173
27470182
27470204
27470221
27470258
27470266
27470310
27470346
27470350
27470366
27470376
27470381
27470384
27470401
27470402
27470406
27470432
27470463
27470465
27470466
27470471
27470491
27470511
27470546
27470590
27470634
27470636
27470687
27470718
27470755
27470762
27470808
27470838
27470842
27470858
27470869
27470870
27470926
27470952
27470958
27470964
27470978
27471045
27471049
27471073
27471084
27471103
27471133
27471158
27471189
27471247
27471287
27471293
27471298
27471324
27471351
27471357
27471430
27471461
27471475
27471535
27471613
27471622
27471631
27471668
27471672
27471685
27471686
27471710
27471770
27471779
27471839
27471850
27471892
27471953
27472024
27472055
27472061
27472084
27472099
27472207
27472218
27472247
27472258
27472286
27472406
27472438
27472450
27472511
27472520
27472545
27472580
27472588
27472595
27472605
27472627
27472674
27472683
27472713
27472756
27472774
27472776
27472788
27472813
27472816
27472817
27472853
27472876
27472893
27472907
27472929
27472936
27472992
27473017
27473057
27473063
27473076
27473129
27473143
27473147
27473205
27473292
27473328
27473337
27473353
27473359
27473406
27473412
27473417
27473422
27473438
27473496
27473506
27473514
27473539
27473543
27473574
27473583
27473628
27473632
27473637
27473653
27473657
27473661
27473668
27473722
27473740
27473765
27473812
27473819
27473832
27473838
27473845
27473930
27473961
27474020
27474085
27474117
27474134
27474137
27474145
27474155
27474166
27474167
27474233
27474234
27474238
27474243
27474246
27474260
27474291
27474297
27474323
27474371
27474381
27474439
27474449
27474531
27474535
27474563
27474621
27474623
27474669
27474682
27474706
27474733
27474737
27474755
27474763
27474790
27474794
27474796
27474823
27474858
27474868
27474871
27474885
27474903
27474914
27474915
27474946
27474948
27474961
27475032
27475034
27475042
27475048
27475066
27475068
27475069
27475112
27475113
27475122
27475126
27475141
27475147
27475166
27475168
27475180
27475213
27475214
27475226
27475257
27475276
27475293
27475333
27475389
27475400
27475414
27475425
27475452
27475470
27475499
27475525
27475526
27475547
27475549
27475560
27475602
27475621
27475623
27475624
27475678
27475681
27475686
27475703
27475808
27475831
27475842
27475871
27475898
27475914
27475944
27475964
27475988
27476005
27476047
27476087
27476134
27476158
27476207
27476228
27476236
27476244
27476245
27476255
27476273
27476283
27476290
27476298
27476312
27476344
27476382
27476443
27476451
27476482
27476484
27476485
27476490
27476522
27476523
27476543
27476575
27476626
27476657
27476666
27476672
27476677
27476683
27476690
27476737
27476751
27476784
27476814
27476873
27476898
27476925
27476946
27476966
27476970
27476982
27477010
27477022
27477034
27477059
27477106
27477113
27477121
27477145
27477156
27477196
27477198
27477204
27477220
27477237
27477268
27477269
27477282
27477320
27477322
27477323
27477342
27477345
27477361
27477373
27477375
27477398
27477406
27477408
27477411
27477412
27477425
27477432
27477457
27477480
27477510
27477534
27477546
27477605
27477638
27477643
27477654
27477679
27477752
27477765
27477769
27477778
27477818
27477837
27477851
27477885
27477929
27477944
27477949
27477959
27477967
27477976
27477995
27477999
27478001
27478004
27478019
27478025
27478084
27478125
27478196
27478346
27478357
27478359
27478366
27478376
27478378
27478449
27478453
27478464
27478468
27478492
27478502
27478519
27478533
27478554
27478560
27478566
27478569
27478571
27478589
27478607
27478645
27478724
27478725
27478726
27478727
27478764
27478783
27478798
27478803
27478817
27478873
27478928
27478981
27478994
27478996
27479003
27479054
27479058
27479067
27479100
27479105
27479109
27479110
27479140
27479144
27479170
27479190
27479233
27479265
27479274
27479278
27479290
27479306
27479328
27479343
27479346
27479348
27479412
27479487
27479569
27479595
27479606
27479609
27479613
27479619
27479689
27479700
27479708
27479710
27479715
27479728
27479753
27479777
27479824
27479826
27479875
27479878
27479890
27479926
27479933
27479941
27479975
27479993
27480010
27480023
27480043
27480057
27480074
27480109
27480110
27480119
27480124
27480187
27480200
27480204
27480214
27480239
27480263
27480282
27480325
27480334
27480341
27480487
27480507
27480519
27480538
27480563
27480577
27480586
27480627
27480655
27480678
27480691
27480715
27480740
27480749
27480761
27480766
27480822
27480847
27480864
27480891
27480894
27480904
27480906
27480918
27480931
27480945
27480972
27480975
27480984
27480989
27481023
27481027
27481050
27481051
27481058
27481066
27481075
27481091
27481121
27481124
27481140
27481149
27481172
27481199
27481259
27481261
27481271
27481300
27481316
27481326
27481334
27481380
27481389
27481437
27481440
27481469
27481504
27481509
27481511
27481588
27481592
27481610
27481614
27481618
27481621
27481682
27481732
27481746
27481775
27481797
27481845
27481867
27481874
27481920
27481984
27481985
27481991
27482041
27482048
27482052
27482058
27482064
27482106
27482131
27482172
27482204
27482221
27482223
27482228
27482237
27482296
27482321
27482323
27482332
27482361
27482365
27482373
27482422
27482469
27482499
27482501
27482523
27482556
27482565
27482575
27482579
27482595
27482597
27482622
27482674
27482703
27482713
27482723
27482730
27482734
27482736
27482754
27482766
27482777
27482847
27482876
27482881
27482889
27482915
27482951
27482968
27482991
27482997
27483014
27483023
27483054
27483058
27483219
27483222
27483230
27483243
27483244
27483256
27483265
27483266
27483278
27483290
27483307
27483311
27483339
27483350
27483355
27483371
27483383
27483385
27483413
27483423
27483470
27483472
27483497
27483501
27483514
27483540
27483558
27483571
27483586
27483656
27483693
27483742
27483774
27483831
27483979
27483986
27483996
27484051
27484055
27484078
27484155
27484174
27484222
27484223
27484231
27484240
27484268
27484287
27484288
27484310
27484327
27484355
27484454
27484466
27484467
27484469
27484562
27484605
27484607
27484613
27484614
27484650
27484655
27484672
27484673
27484735
27484755
27484823
27484837
27484972
27484978
27484985
27484988
27485020
27485022
27485034
27485042
27485133
27485173
27485231
27485237
27485241
27485244
27485246
27485265
27485277
27485332
27485376
27485383
27485388
27485426
27485436
27485451
27485534
27485684
27485745
27485773
27485820
27485845
27485921
27485925
27486010
27486034
27486050
27486125
27486157
27486192
27486206
27486258
27486305
27486322
27486323
27486360
27486396
27486452
27486486
27486494
27486511
27486519
27486529
27486532
27486559
27486573
27486623
27486631
27486700
27486702
27486729
27486736
27486738
27486771
27486808
27486829
27486879
27486928
27486939
27486967
27487007
27487035
27487040
27487046
27487081
27487088
27487095
27487098
27487100
27487101
27487102
27487104
27487162
27487175
27487207
27487257
27487262
27487266
27487309
27487322
27487327
27487343
27487446
27487464
27487474
27487492
27487547
27487609
27487620
27487626
27487628
27487640
27487670
27487671
27487677
27487684
27487687
27487691
27487696
27487699
27487707
27487709
27487714
27487726
27487730
27487743
27487747
27487755
27487761
27487773
27487812
27487932
27487978
27488010
27488012
27488017
27488022
27488045
27488060
27488064
27488109
27488121
27488126
27488145
27488201
27488227
27488271
27488294
27488320
27488325
27488329
27488347
27488351
27488352
27488358
27488408
27488430
27488447
27488455
27488482
27488576
27488692
27488715
27488784
27488785
27488792
27488836
27488884
27488888
27488918
27488935
27488944
27488948
27488996
27489048
27489098
27489177
27489222
27489243
27489262
27489297
27489302
27489342
27489343
27489364
27489365
27489396
27489417
27489420
27489456
27489538
27489542
27489602
27489615
27489618
27489623
27489668
27489690
27489728
27489799
27489816
27489867
27489916
27489930
27489967
27490019
27490029
27490053
27490064
27490119
27490149
27490166
27490169
27490205
27490216
27490244
27490248
27490250
27490253
27490255
27490274
27490294
27490296
27490326
27490342
27490350
27490356
27490363
27490366
27490370
27490372
27490399
27490480
27490488
27490491
27490514
27490538
27490568
27490570
27490595
27490606
27490609
27490644
27490657
27490682
27490691
27490722
27490730
27490748
27490766
27490776
27490786
27490803
27490805
27490830
27490844
27490853
27490867
27490880
27490904
27490937
27490953
27490996
27491009
27491026
27491048
27491050
27491056
27491099
27491100
27491130
27491173
27491185
27491207
27491247
27491250
27491256
27491267
27491338
27491357
27491392
27491393
27491394
27491422
27491440
27491447
27491472
27491487
27491491
27491492
27491525
27491555
27491556
27491569
27491576
27491644
27491654
27491656
27491670
27491680
27491694
27491704
27491725
27491737
27491745
27491755
27491776
27491787
27491794
27491806
27491811
27491815
27491827
27491839
27491871
27491875
27491938
27491941
27491953
27491971
27491999
27492028
27492077
27492098
27492106
27492118
27492141
27492182
27492243
27492258
27492267
27492276
27492285
27492327
27492335
27492350
27492355
27492390
27492394
27492404
27492408
27492439
27492444
27492482
27492503
27492521
27492531
27492572
27492578
27492592
27492610
27492614
27492682
27492755
27492775
27492793
27492802
27492826
27492860
27492888
27492914
27492921
27492933
27492938
27492945
27492976
27492981
27492996
27493093
27493156
27493157
27493169
27493180
27493192
27493196
27493208
27493251
27493279
27493323
27493328
27493330
27493339
27493370
27493386
27493453
27493489
27493490
27493497
27493522
27493544
27493554
27493564
27493567
27493628
27493637
27493670
27493679
27493719
27493729
27493742
27493755
27493765
27493814
27493846
27493860
27493913
27493957
27493962
27493969
27493984
27493998
27494008
27494075
27494095
27494133
27494168
27494186
27494236
27494262
27494285
27494309
27494329
27494376
27494483
27494504
27494506
27494509
27494540
27494650
27494666
27494700
27494720
27494736
27494752
27494781
27494878
27494925
27495018
27495022
27495027
27495028
27495067
27495074
27495116
27495159
27495166
27495180
27495213
27495216
27495228
27495250
27495265
27495281
27495285
27495296
27495396
2778079
2806844
2815466
2836073
289060
2923087
3032826
3093010
3147035
3176521
3229416
3242298
3263176
3263367
3265160
3287036
3292645
3294500
3294572
3295437
334135
3356404
3360091
336698
3378772
3381556
3384654
3387231
3406187
3424698
3424964
3430361
3431380
3557049
3577175
3580928
3581651
3582856
3583552
3586155
3586214
3599026
362151
362279
380936
3914273
3922406
3924284
3965757
3981505
4011591
4014235
4033207
4265152
4311340
431452
432605
4353769
4408656
4453080
4551433
458030
4643203
4648533
4648695
4693796
4767793
480259
4812431
4861565
488257
4911877
4919172
4920481
4949173
4988850
5006904
5094761
5110032
5152559
5182585
5187262
5190368
5191613
5198114
5209557
5210830
531412
5326248
5330751
5347132
5372773
5385456
5413506
5438968
5439158
5450460
5465442
5515003
5519799
5519804
5520038
5522173
5556778
5573332
5611394
5611607
5614023
5663494
5663903
5698595
5704750
5750525
5766075
577860
5812820
5835704
5847983
5849152
5854362
5856332
5898428
5919148
5936562
5939484
5939997
5957836
597696
5992141
6010226
6013095
6013419
6013493
6013687
6013874
6013941
6014217
6014822
6030959
6040072
6065686
6076242
6077123
6077281
6077474
6077686
6077764
6077899
6078273
6078534
6078579
6078617
6095753
6096653
609746
6098142
6098901
6099278
6099808
6103214
6104375
6104778
6105393
6105766
6106940
6107337
6107696
6108612
6109086
6110700
6117606
6146496
6159265
6159830
6159849
6191881
620173
6239535
6248191
6298061
6323344
6367119
6401951
6444108
6448945
6499440
6527269
655528
6573631
6609400
6642979
6817906
6864346
6968729
6975818
7022646
7087949
7249701
725032
729728
7327946
7328768
7340576
7369379
7370605
7379763
7383695
7458243
7486126
7523064
7540519
7568674
7579906
7591944
7611789
7673232
7675377
7676346
7680530
7683678
7697748
7715105
7715629
7749263
7802313
7828129
7840462
7843131
7886774
7890443
7938857
7979611
7983159
7997827
8019521
8051208
805657
8216263
8222531
8260578
8299403
8310801
8346499
8353956
8363838
8385605
8414299
8432433
8436420
8452032
8465699
8486413
8486933
8493759
8502030
8540154
8543913
856295
8564638
8566046
8573300
8577568
8578056
8598070
8608546
8613499
8645972
8646317
8665181
8690928
8705592
8726478
8744706
8747963
8758813
8794524
8813991
8817303
8855817
8859267
8861159
8862615
8930368
9001707
9002342
9010687
9062184
9069393
9114979
9141966
9163373
9172145
9210922
9292743
9361998
9363798
9363979
9389272
9428019
9448790
9480844
9500512
9521316
9523686
9550038
9562829
9564397
9566957
9622005
9622474
9631108
9631348
9631792
9633656
9633671
9633730
9663632
9698021
9719125
9756240
9809373
9852480
9863994
9869881
9882233
9892369
9946921
9980016
9990367